-0.03126
-0.06252
-0.06252
-0.06252
-0.09378
-0.12504
-0.15630000000000002
-0.18756000000000003
-0.21882000000000004
-0.25008
-0.28134000000000003
-0.34386000000000005
-0.37512000000000006
-0.4376400000000001
-0.50016
-0.5626800000000001
-0.59394
-0.6252
-0.6252
-0.6564599999999999
-0.6877199999999999
-0.6877199999999999
-0.7189799999999998
-0.7502399999999998
-0.7814999999999998
-0.8127599999999997
-0.8440199999999997
-0.8440199999999997
-0.8752799999999996
-0.9065399999999996
-0.9377999999999995
-0.9690599999999995
-1.0003199999999994
-1.0315799999999995
-1.0940999999999994
-1.1253599999999995
-1.1878799999999994
-1.2191399999999994
-1.2191399999999994
-1.2191399999999994
-1.2191399999999994
-1.1878799999999994
-1.1878799999999994
-1.2191399999999994
-1.2816599999999994
-1.3441799999999993
-1.4317079999999993
-1.5504959999999992
-1.669283999999999
-1.731803999999999
-1.763063999999999
-1.7943239999999991
-1.8255839999999992
-1.8255839999999992
-1.8255839999999992
-1.8255839999999992
-1.7943239999999991
-1.763063999999999
-1.7943239999999991
-1.8818519999999992
-1.944371999999999
-2.0068919999999992
-2.094419999999999
-2.156939999999999
-2.1881999999999993
-2.1881999999999993
-2.2507199999999994
-2.2819799999999995
-2.3132399999999995
-2.3444999999999996
-2.4070199999999997
-2.46954
-2.5008
-2.56332
-2.56332
-2.56332
-2.56332
-2.62584
-2.744628
-2.807148
-2.8696680000000003
-3.0197160000000003
-3.107244
-3.138504
-3.107244
-3.107244
-3.044724
-3.107244
-3.107244
-3.138504
-3.107244
-3.226032
-3.257292
-3.37608
-3.4386
-3.46986
-3.5011200000000002
-3.5011200000000002
-3.5323800000000003
-3.5011200000000002
-3.5011200000000002
-3.46986
-3.4386
-3.4386
-3.526128
-3.676176
-3.951264
-4.132572
-4.25136
-4.370148
-4.370148
-4.5827160000000005
-4.645236000000001
-4.732764
-4.882812
-4.97034
-5.03286
-4.420164000000001
-3.3198120000000007
-2.1569400000000005
-0.6564600000000007
-0.1688040000000008
-0.1688040000000008
-0.6252000000000009
-0.7439880000000009
-0.7439880000000009
-0.5314200000000009
0.05001599999999906
0.568931999999999
0.844019999999999
1.181627999999999
0.969059999999999
0.543923999999999
0.23757599999999895
-0.10003200000000106
-0.587688000000001
-1.256652000000001
-1.9568760000000012
-2.475792000000001
-2.507052000000001
-2.263224000000001
-2.075664000000001
-2.013144000000001
-2.075664000000001
-2.225712000000001
-2.375760000000001
-2.463288000000001
-2.494548000000001
-2.463288000000001
-2.525808000000001
-2.769636000000001
-3.0447240000000013
-3.163512000000001
-3.100992000000001
-3.132252000000001
-3.132252000000001
-3.132252000000001
-3.132252000000001
-3.100992000000001
-3.100992000000001
-3.100992000000001
-3.100992000000001
-3.100992000000001
-3.100992000000001
-3.100992000000001
-3.069732000000001
-3.069732000000001
-3.132252000000001
-3.1947720000000013
-3.2260320000000013
-3.2260320000000013
-3.2260320000000013
-3.313560000000001
-3.432348000000001
-3.494868000000001
-3.494868000000001
-3.463608000000001
-3.5261280000000013
-3.676176000000001
-3.826224000000001
-3.8574840000000012
-3.763704000000001
-3.519876000000001
-3.332316000000001
-3.513624000000001
-3.726192000000001
-3.451104000000001
-3.050976000000001
-2.8071480000000006
-2.8946760000000005
-2.9822040000000003
-2.919684
-2.857164
-2.825904
-2.944692
-3.18852
-3.18852
-3.00096
-2.788392
-2.725872
-2.8133999999999997
-2.68836
-2.350752
-1.888104
-1.644276
-1.550496
-1.4879760000000002
-1.3316760000000003
-1.0253280000000002
-0.8377680000000003
-0.6502080000000003
-0.49390800000000035
-0.12504000000000037
0.4563959999999996
1.1316119999999996
2.1131759999999997
3.4886159999999995
5.107883999999999
7.1585399999999995
9.177935999999999
10.065719999999999
10.372067999999999
10.065719999999999
9.152928
8.052575999999998
6.864695999999999
5.826863999999999
4.939079999999999
4.051295999999999
2.9196839999999993
1.5129839999999992
0.01875599999999933
-1.5379920000000007
-3.4010880000000006
-5.326704
-6.883452
-7.771236
-8.133852
-7.583675999999999
-6.452063999999999
-5.3204519999999995
-4.28262
-4.2200999999999995
-4.920324
-5.683068
-6.139463999999999
-6.595859999999999
-7.114775999999999
-8.215128
-9.34674
-9.465528
-8.821572000000002
-7.627440000000002
-7.383612000000002
-7.227312000000002
-7.5649200000000025
-8.327664000000002
-8.965368000000002
-9.271716000000001
-9.146676000000001
-8.627760000000002
-8.165112000000002
-7.702464000000003
-7.152288000000002
-6.814680000000002
-6.933468000000002
-6.964728000000002
-6.752160000000002
-6.595860000000002
-6.502080000000002
-6.439560000000002
-6.314520000000002
-6.252000000000002
-6.189480000000001
-6.158220000000002
-6.158220000000002
-6.189480000000001
-6.252000000000002
-6.314520000000002
-6.377040000000002
-6.439560000000002
-6.502080000000002
-6.564600000000002
-6.564600000000002
-6.533340000000003
-6.439560000000003
-6.314520000000003
-6.126960000000002
-5.939400000000002
-5.845620000000002
-5.908140000000002
-6.214488000000002
-6.395796000000002
-6.302016000000002
-5.9644080000000015
-5.5955400000000015
-5.808108000000002
-6.295764000000002
-6.602112000000002
-6.964728000000002
-7.2085560000000015
-7.389864000000001
-7.571172000000001
-7.75248
-7.871268000000001
-7.933788000000001
-7.965048
-8.052576
-8.140104000000001
-8.227632000000002
-8.315160000000002
-8.402688000000003
-8.402688000000003
-8.433948000000003
-8.433948000000003
-8.496468000000002
-8.496468000000002
-8.615256000000002
-8.702784000000003
-8.915352000000002
-9.096660000000002
-9.459276000000001
-9.978192
-10.615896
-11.50368
-12.604032
-14.03574
-15.930096
-18.218328
-20.969208
-23.2887
-23.713835999999997
-23.863884
-23.282448
-22.244616
-21.356832
-20.25648
-19.156128
-18.087035999999998
-17.080464
-16.073892
-14.879760000000001
-13.5981
-12.31644
-11.03478
-9.75312
-8.440199999999999
-7.096019999999999
-5.870627999999999
-5.382971999999999
-5.1078839999999985
-4.832795999999998
-5.170403999999999
-5.351711999999998
-5.439239999999998
-5.4079799999999985
-5.282939999999998
-5.095379999999998
-4.907819999999997
-4.720259999999997
-4.626479999999997
-4.595219999999998
-4.595219999999998
-4.626479999999997
-4.714007999999997
-4.832795999999997
-4.920323999999997
-5.070371999999997
-5.220419999999997
-5.401727999999997
-5.614295999999997
-5.795603999999996
-5.945651999999996
-6.095699999999996
-6.214487999999997
-6.333275999999997
-6.420803999999997
-6.483323999999997
-6.570851999999997
-6.689639999999997
-6.8084279999999975
-6.927215999999998
-7.014743999999998
-7.133531999999998
-7.252319999999998
-7.283579999999998
-7.221059999999998
-7.0960199999999976
-6.908459999999997
-6.720899999999997
-6.564599999999997
-6.5958599999999965
-6.683387999999996
-6.7459079999999965
-6.777167999999996
-6.777167999999996
-6.683387999999996
-6.620867999999996
-6.5270879999999964
-6.433307999999997
-6.308267999999996
-6.183227999999996
-6.026927999999996
-5.839367999999996
-5.683067999999996
-5.620547999999996
-5.770595999999996
-5.8018559999999955
-5.770595999999996
-5.920643999999996
-6.258251999999996
-6.564599999999996
-6.652127999999996
-6.558347999999996
-6.283259999999996
-5.9456519999999955
-5.701823999999996
-5.545523999999996
-5.301695999999996
-5.301695999999996
-5.364215999999996
-5.483003999999997
-5.820611999999997
-6.402047999999997
-6.9522239999999975
-7.196051999999997
-7.133531999999997
-6.977231999999997
-6.8834519999999975
-6.483323999999998
-6.270755999999998
-6.358283999999998
-6.445811999999997
-6.477071999999997
-6.595859999999997
-6.870947999999998
-7.296083999999998
-7.633691999999998
-7.696211999999998
-7.633691999999998
-7.421123999999998
-7.208555999999998
-7.020995999999998
-6.864695999999998
-6.739655999999997
-6.645875999999998
-6.520835999999997
-6.489575999999998
-6.520835999999997
-6.764663999999997
-7.127279999999997
-7.489895999999997
-7.764983999999997
-7.915031999999997
-7.852511999999997
-7.852511999999997
-7.915031999999997
-7.946291999999997
-8.033819999999997
-8.096339999999996
-8.183867999999997
-8.271395999999998
-8.333915999999997
-8.365175999999996
-8.365175999999996
-8.365175999999996
-8.365175999999996
-8.396435999999996
-8.427695999999996
-8.458955999999995
-8.458955999999995
-8.458955999999995
-8.458955999999995
-8.490215999999995
-8.490215999999995
-8.521475999999994
-8.552735999999994
-8.583995999999994
-8.583995999999994
-8.615255999999993
-8.615255999999993
-8.646515999999993
-8.646515999999993
-8.646515999999993
-8.646515999999993
-8.646515999999993
-8.615255999999993
-8.583995999999994
-8.583995999999994
-8.583995999999994
-8.583995999999994
-8.615255999999993
-8.646515999999993
-8.677775999999993
-8.677775999999993
-8.677775999999993
-8.677775999999993
-8.646515999999993
-8.615255999999993
-8.583995999999994
-8.552735999999994
-8.521475999999994
-8.458955999999995
-8.396435999999996
-8.333915999999997
-8.302655999999997
-8.271395999999998
-8.240135999999998
-8.240135999999998
-8.240135999999998
-8.240135999999998
-8.208875999999998
-8.240135999999998
-8.271395999999998
-8.302655999999997
-8.333915999999997
-8.396435999999996
-8.427695999999996
-8.490215999999995
-8.521475999999994
-8.521475999999994
-8.521475999999994
-8.521475999999994
-8.521475999999994
-8.552735999999994
-8.552735999999994
-8.615255999999993
-8.646515999999993
-8.646515999999993
-8.646515999999993
-8.615255999999993
-8.583995999999994
-8.552735999999994
-8.521475999999994
-8.521475999999994
-8.521475999999994
-8.458955999999995
-8.458955999999995
-8.458955999999995
-8.427695999999996
-8.396435999999996
-8.396435999999996
-8.396435999999996
-8.396435999999996
-8.396435999999996
-8.427695999999996
-8.427695999999996
-8.458955999999995
-8.458955999999995
-8.490215999999995
-8.490215999999995
-8.490215999999995
-8.490215999999995
-8.490215999999995
-8.490215999999995
-8.490215999999995
-8.490215999999995
-8.490215999999995
-8.490215999999995
-8.490215999999995
-8.490215999999995
-8.490215999999995
-8.490215999999995
-8.458955999999995
-8.396435999999996
-8.333915999999997
-8.333915999999997
-8.302655999999997
-8.271395999999998
-8.240135999999998
-8.208875999999998
-8.208875999999998
-8.177615999999999
-8.177615999999999
-8.208875999999998
-8.240135999999998
-8.240135999999998
-8.271395999999998
-8.271395999999998
-8.271395999999998
-8.271395999999998
-8.240135999999998
-8.240135999999998
-8.271395999999998
-8.333915999999997
-8.452703999999997
-8.571491999999997
-8.721539999999997
-8.871587999999997
-8.959115999999998
-9.046643999999999
-9.109163999999998
-9.109163999999998
-9.109163999999998
-9.171683999999997
-9.321731999999997
-9.534299999999996
-9.503039999999997
-9.440519999999998
-9.346739999999997
-9.346739999999997
-9.528047999999997
-9.646835999999997
-9.678095999999996
-9.646835999999997
-9.678095999999996
-9.740615999999996
-9.803135999999995
-9.921923999999995
-10.009451999999996
-10.009451999999996
-10.128239999999996
-10.215767999999997
-10.365815999999997
-10.578383999999996
-10.822211999999997
-11.128559999999997
-11.403647999999997
-11.553695999999997
-11.672483999999997
-11.641223999999998
-11.516183999999997
-11.209835999999997
-10.778447999999997
-10.503359999999997
-10.622147999999997
-10.434587999999998
-9.971939999999998
-9.971939999999998
-10.397075999999998
-10.484604
-10.084475999999999
-9.746868
-10.084475999999999
-10.422083999999998
-10.540871999999998
-10.509611999999999
-10.384571999999999
-10.228271999999999
-10.015704
-9.828144
-9.859404
-10.071971999999999
-10.1595
-10.12824
-9.821892
-9.609324
-9.609324
-9.546804000000002
-9.515544000000002
-9.484284000000002
-9.453024000000003
-9.421764000000003
-9.359244000000004
-9.296724000000005
-9.265464000000005
-9.265464000000005
-9.296724000000005
-9.327984000000004
-9.390504000000004
-9.453024000000003
-9.540552000000003
-9.603072000000003
-9.634332000000002
-9.571812000000003
-9.478032000000002
-9.415512000000003
-9.446772000000003
-9.415512000000003
-9.290472000000003
-9.196692000000002
-9.227952000000002
-9.346740000000002
-9.496788000000002
-9.615576000000003
-9.703104000000003
-9.821892000000004
-9.971940000000004
-10.090728000000004
-9.996948000000003
-9.659340000000004
-9.352992000000004
-9.440520000000005
-9.928176000000004
-10.109484000000004
-9.590568000000005
-9.221700000000006
-9.371748000000006
-10.071972000000006
-10.159500000000007
-9.759372000000006
-9.515544000000006
-10.096980000000006
-11.072292000000006
-11.347380000000006
-11.253600000000006
-10.947252000000006
-11.372388000000006
-11.860044000000006
-11.891304000000005
-10.853472000000005
-9.596820000000005
-8.283900000000004
-7.246068000000005
-6.845940000000005
-6.814680000000005
-6.814680000000005
-6.845940000000005
-6.814680000000005
-6.845940000000005
-6.964728000000005
-7.083516000000006
-7.083516000000006
-6.927216000000006
-6.714648000000006
-6.377040000000005
-5.858124000000005
-5.214168000000005
-4.357644000000005
-3.319812000000005
-2.707116000000005
-2.794644000000005
-3.219780000000005
-4.5327000000000055
-5.570532000000005
-7.158540000000006
-8.809068000000005
-10.215768000000006
-11.803776000000006
-13.423044000000006
-14.917272000000006
-15.892584000000006
-15.767544000000006
-15.123588000000007
-13.716888000000006
-12.278928000000006
-10.966008000000006
-10.503360000000006
-11.084796000000006
-11.541192000000006
-12.091368000000006
-12.729072000000006
-13.247988000000007
-14.379600000000007
-15.630000000000006
-15.780048000000006
-15.229872000000006
-14.248308000000005
-13.973220000000005
-13.666872000000005
-13.848180000000005
-14.210796000000004
-14.667192000000004
-14.911020000000004
-14.754720000000004
-14.267064000000005
-13.685628000000005
-13.222980000000005
-12.885372000000006
-12.729072000000006
-12.697812000000006
-12.604032000000005
-12.360204000000005
-12.147636000000006
-11.991336000000006
-11.866296000000006
-11.803776000000006
-11.709996000000006
-11.647476000000006
-11.647476000000006
-11.647476000000006
-11.678736000000006
-11.797524000000006
-11.916312000000007
-12.066360000000007
-12.278928000000006
-12.460236000000005
-12.522756000000005
-12.428976000000004
-12.185148000000003
-11.847540000000004
-11.416152000000004
-11.141064000000004
-11.353632000000003
-11.534940000000002
-11.566200000000002
-11.534940000000002
-11.534940000000002
-11.409900000000002
-11.197332000000003
-11.041032000000003
-10.915992000000003
-11.097300000000002
-11.372388000000003
-11.553696000000002
-11.522436000000003
-11.428656000000002
-11.428656000000002
-11.366136000000003
-11.241096000000002
-11.241096000000002
-11.578704000000002
-11.885052000000002
-12.066360000000001
-11.878800000000002
-11.816280000000003
-11.935068000000003
-11.872548000000004
-11.810028000000004
-11.597460000000005
-11.903808000000005
-12.360204000000005
-12.666552000000005
-12.635292000000005
-12.235164000000005
-12.353952000000005
-12.716568000000004
-12.591528000000004
-12.253920000000004
-11.703744000000004
-11.303616000000003
-10.934748000000003
-10.809708000000002
-11.022276000000002
-11.141064000000002
-11.259852000000002
-11.472420000000001
-11.716248000000002
-12.053856000000001
-12.510252000000001
-12.785340000000001
-12.816600000000001
-12.785340000000001
-12.385212000000001
-11.403648
-9.871908000000001
-8.834076000000001
-7.977552000000001
-5.958156000000001
-2.6883600000000007
2.382011999999999
8.827824
15.855072
