2961
2966
2966
2971
2971
2976
2976
2976
2961
2956
2941
2941
2946
2966
2971
2961
2956
2956
2961
2966
2976
2976
2981
2985
2985
2985
2990
2990
2985
2985
2985
2981
2976
2971
2966
2971
2966
2966
2961
2961
2976
2981
2981
2981
2981
2981
2985
2981
2966
2966
2961
2966
2961
2961
2961
2961
2961
2956
2956
2956
2961
2961
2956
2951
2946
2941
2932
2927
2912
2917
2932
2951
2951
2937
2932
2946
2971
2990
2990
2995
2995
2985
2971
2985
3025
3039
3025
2961
2883
2888
2981
3054
3049
2927
2868
2893
2912
2922
2941
3015
3073
3069
3034
3054
3088
3117
3127
3117
3078
2990
2946
2976
2985
2971
2937
2932
2956
3020
3020
2976
2893
2844
2858
3000
3113
3054
2971
2951
2912
2883
2883
2897
2897
2917
2912
2961
3049
3049
3000
2819
2834
2810
2922
2907
2878
2868
2966
3083
3039
2927
2819
2834
2897
2922
2985
3049
3088
3117
3108
3078
3034
3020
3015
3029
3054
3064
3054
3010
3005
2981
2976
2971
2966
2971
2956
2956
2961
2946
2907
2878
2897
2951
2981
2990
2937
2917
2922
2932
2932
2941
2941
2961
2976
2981
2976
2976
2985
3005
3000
2990
3015
3064
3069
3044
3029
3034
3054
3064
3049
3054
3069
3054
3025
2985
2981
2981
2971
2951
2912
2897
2902
2966
3044
2966
2966
2981
3088
3039
2917
3029
2893
2922
2888
2873
2829
2770
2785
2775
2717
2697
2702
2726
2951
3186
3015
3020
2868
2824
2697
2624
2594
2717
2883
2805
2741
2712
2800
2780
2810
2883
2937
2990
3039
3117
3152
3244
3313
3342
3376
3411
3430
3445
3445
3450
3455
3450
3293
3176
3059
2990
2932
2888
2839
2780
2722
2722
2751
2873
2922
2971
2937
2883
2863
2888
2956
2902
2961
2927
2888
2839
2829
2868
2912
2985
2995
2966
2946
2922
2922
2927
2932
2937
2941
2951
2956
2966
2985
3034
3073
3098
3093
3054
3020
3005
3020
3025
3015
2990
2976
2976
2981
2971
2961
2956
2951
2951
2956
2990
3000
2971
2941
2893
2897
2946
3015
3010
2946
2922
2917
2941
2961
2976
3005
3010
3010
3010
3015
3025
3029
3029
3064
3069
2966
3020
3015
3025
2917
2961
3000
3049
2922
2863
2922
2951
3000
3059
3039
2951
2849
2854
2917
2893
2868
2805
2775
2790
2873
2956
3025
2966
2917
2917
2893
2917
2990
3000
2883
2819
2878
2946
2883
2858
2937
2971
3000
3103
3083
3069
3034
2985
3029
3152
3152
3088
3010
2956
2932
2961
2971
2966
2995
3015
3054
3113
3142
3117
3005
2917
2917
2941
2990
2937
2966
2932
2902
2888
2897
2917
3054
3108
2971
2946
2902
2927
2961
2990
3020
3020
2966
2966
2976
3010
3015
3034
3020
2985
2951
2922
2932
2961
2971
2961
2946
2951
2956
2956
2941
2946
2946
2937
2932
2932
2941
2951
2951
2932
2927
2927
2932
2956
2971
2976
2976
2956
2971
2971
3015
3064
3088
3073
3020
3005
2995
2981
2966
2971
2985
2985
2961
2956
2956
2956
2951
2951
2956
2951
2941
2951
2961
2976
2981
2981
2985
2985
2990
3000
3000
3000
2995
2995
2995
2990
2990
2981
2976
2956
2951
2951
2951
2946
2966
2985
2971
2927
2907
2907
2946
2961
2951
2961
2941
2932
2937
2946
2976
2990
2990
2981
2981
2990
2990
2990
2990
2981
2976
2956
2956
2946
2946
2956
2971
2976
2956
2922
2907
2917
2961
3025
2985
2941
2937
2951
2961
3064
3122
3103
3044
3020
2858
2912
2917
2995
3039
3020
2981
2946
2902
2902
2917
2902
2932
2961
3015
3015
3020
3039
3039
3034
3029
3025
3020
3000
2985
2981
2961
2937
2917
2941
2990
3025
3000
2932
2902
2902
2946
2961
3005
3020
2971
2941
2937
2941
2937
2922
2932
2956
2937
2922
2922
2927
2932
2937
2985
3010
3010
2995
3000
3010
3005
2995
2995
3005
3010
3010
2976
2932
2922
2932
2976
2946
2941
2937
2971
2976
2995
2995
2981
2976
2985
3005
3015
3015
3015
3015
3015
3005
3000
2976
2966
2956
2956
2951
2941
2932
2951
2976
2966
2937
2937
2932
2932
2917
2927
2937
2946
2985
3034
3015
2981
2990
3034
3083
3093
3078
3039
2990
2981
2990
3010
3000
2981
2985
2956
2907
2897
2961
3010
3020
3000
2971
2917
2912
2927
2956
2946
2985
2995
2897
2873
2907
2995
3044
3147
3093
3000
2937
2932
2927
2902
2927
2995
3029
3015
3020
3005
2990
2990
3000
3005
3005
3005
3010
3005
2995
2985
2981
2981
2971
2961
2946
2937
2937
2946
2966
2990
3005
2966
2907
2912
2971
3054
3044
2927
2863
2858
2932
2937
2971
2971
2917
2990
3054
3122
3132
2985
2951
3005
2854
2770
2775
2795
2907
3029
3152
2985
2922
2927
2956
2961
2946
2946
2941
2932
2912
2907
2907
2951
2941
2893
2878
2917
2956
2971
2971
2985
2976
2956
2932
2907
2907
2966
3059
3025
2971
2956
2956
3000
3078
3196
3205
3122
2927
2888
2927
2985
3039
3117
3142
3147
3117
3064
3020
2956
2937
2927
2990
3000
3000
3010
3010
3000
2995
2990
2976
3000
3020
3029
3025
3010
3000
2995
2990
2995
2990
2961
2941
2922
2917
2897
2893
2868
2868
2868
2917
2946
2854
2844
2888
2937
3069
3117
3054
2971
2907
2966
2941
2961
2961
2981
2966
2951
2951
2941
2932
2937
2937
2927
2922
2917
2922
2922
2932
2937
2937
2946
2951
2971
3010
3039
3039
3025
2990
2956
2995
3054
3059
3044
3025
2995
2961
2976
3044
3098
3064
2951
2922
2941
3020
3044
3020
3010
2961
2951
2951
2966
2976
2990
2990
2971
2932
2927
2956
2985
2981
2956
2941
2941
2951
2956
2966
2956
2941
2932
2941
2956
2961
2951
2951
2941
2941
2941
2941
2927
2922
2917
2932
2956
2966
2961
2961
2966
2971
2981
2985
2981
2956
2932
2917
2941
2985
2971
2912
2897
2922
2990
3049
3083
3088
3064
3054
3010
3020
3049
3039
2976
2956
2956
2981
3000
3098
3157
2981
2888
2893
2981
3039
3044
3034
2995
2961
2927
2937
2961
2985
3000
3034
2966
2897
2834
2873
3025
3196
3083
3034
2937
2927
2927
2937
2956
3059
3113
3108
2951
2941
2956
3054
2985
2951
2868
2858
2858
2868
2897
2922
2985
2917
2897
2902
2961
3044
3088
3064
3093
3108
3103
3020
2966
2951
2941
2917
2878
2883
2888
2917
2956
2854
2937
2937
2981
2981
2888
2761
2731
2907
2981
3093
3137
3088
3039
2956
2907
2912
2932
2985
3010
2990
2961
2912
2897
2883
2917
3015
3000
2902
2888
2907
3000
3064
3025
3005
2990
3005
2990
2941
2966
2971
2961
2912
2849
2829
2824
2814
2824
3029
3005
2893
2873
3064
3059
3059
3186
3225
3210
3215
3259
3235
3196
3069
3029
2976
2937
3025
3064
3015
2937
2888
2927
2971
2976
2902
2907
2893
2922
2946
2966
2946
2941
2961
2946
2834
2805
2844
2946
2854
2746
2746
2741
2756
2819
2897
3029
3025
2932
2893
2956
3025
3073
3059
3020
2976
2946
2902
2956
3098
3142
3113
3059
2893
2883
2907
2932
3010
3078
3117
3132
3142
3132
3103
3044
2941
2946
2927
3000
3029
3025
3025
2995
2976
2966
2976
2961
2951
2937
2937
2922
2917
2937
2995
3034
2976
2907
2844
2927
3015
3117
3015
2985
2937
2946
2912
2893
2888
2897
2893
2946
2956
2922
2917
2937
2956
2946
2951
2961
2956
2878
2868
2854
2981
3059
2985
2941
2922
3015
3088
3161
3142
3088
3034
2990
2966
2981
2995
3010
3025
3025
3000
2985
2981
2976
2981
2985
2985
2966
2956
2956
2961
2981
2990
2995
2990
2966
2976
2985
2990
2985
2976
2971
2966
2971
2981
2985
2981
2971
2966
2976
2981
2976
2966
2961
2946
2946
2956
2956
2956
2976
2995
2981
2941
2917
2941
3015
3064
3083
2937
2888
2902
3020
3000
2990
3029
2946
2917
2956
3113
3142
3152
3069
3025
3000
2966
2912
2858
2810
2780
2814
2878
2937
2966
2941
2951
2966
2971
2956
2912
3025
3049
3069
3073
3083
3142
3181
3181
3191
3220
3244
3293
3318
3323
3298
3235
3166
3113
3205
3181
3059
2937
2971
2966
2917
3010
3083
3098
3113
3166
3176
3127
3059
3005
2990
3000
2985
3000
3029
3029
3000
3005
3010
2985
2971
3039
3064
3039
2985
3005
3029
3015
2985
2966
2966
2961
2961
2951
2956
2956
2956
2956
2966
2966
2976
2966
2951
2927
2927
2981
2985
2971
2976
2976
2971
2961
2956
2956
2961
2951
2951
2951
2956
2956
2946
2941
2941
2932
2927
2927
2932
2937
2937
2937
2922
2912
2922
2937
2956
2966
2956
2937
2941
2937
2956
2966
2961
2956
2941
2951
2961
2995
3020
3034
3054
3044
3064
3049
3044
3127
3220
3220
3093
2775
2907
2976
3054
3103
3117
3083
2951
2878
2907
3049
3054
2976
2863
2849
2858
2873
2902
2922
2981
2981
2995
3000
3025
3078
2829
2946
2907
3127
3093
3015
2951
2907
2902
2902
2897
2897
2951
2937
2873
2893
3005
3000
3049
3064
2995
2985
3010
3054
3049
3020
3005
3005
2995
2985
2981
2961
2941
2927
2912
2902
2917
2946
2966
2956
2932
2932
2932
2941
2946
2946
2951
2951
2941
2937
2946
2966
2981
2985
2990
2981
2971
2956
2951
2971
2990
2981
2946
2927
2941
2956
2961
2966
2971
2971
2961
2956
2976
2981
3000
3000
2985
2981
2976
2985
3005
3020
3025
3010
3000
3005
3015
3049
3069
3073
3054
3049
2995
2966
2971
2985
2985
2995
3000
2995
3005
3039
3059
3049
2976
2966
3020
3069
3025
2971
2922
2917
2922
2917
2902
2888
2912
2961
2985
2932
2893
2883
2922
2961
2932
2917
2907
2824
2839
2902
3025
3020
2956
2863
2824
2800
2829
2844
2927
2985
2990
2932
2893
2917
3015
3059
2990
2976
2941
2956
2976
2990
3015
3044
3005
2951
2907
2893
2966
3034
3152
3029
2966
2937
2961
2951
3059