0.4892618656158447
0.20395970344543457
0.17406558990478516
0.19710612297058105
0.14159893989562988
0.26525306701660156
0.14740562438964844
0.22091937065124512
0.32497739791870117
0.19832110404968262
0.3038473129272461
0.311659574508667
0.29928088188171387
0.40856456756591797
0.3461897373199463
0.2910141944885254
0.26255321502685547
0.30985331535339355
0.2527456283569336
0.20076227188110352
0.19763851165771484
0.20606780052185059
0.22367644309997559
0.22623205184936523
0.20219731330871582
0.22108244895935059
0.24660277366638184
0.2119131088256836
0.24765968322753906
0.18752384185791016
0.20604610443115234
0.24528861045837402
0.25975966453552246
0.2167956829071045
0.22235703468322754
0.1758131980895996
0.22799992561340332
0.22149205207824707
0.23032712936401367
0.2955918312072754
0.2702493667602539
0.2141859531402588
0.22002553939819336
0.22919178009033203
0.22365450859069824
0.22276639938354492
0.18689703941345215
0.3057589530944824
0.26044344902038574
0.21358275413513184
0.29087066650390625
0.2524998188018799
0.21208667755126953
0.25133728981018066
0.221937894821167
0.24593567848205566
0.2136855125427246
0.22965431213378906
0.2649650573730469
0.2138230800628662
0.21851611137390137
0.20235228538513184
0.26409411430358887
0.17240571975708008
0.2232658863067627
0.23431158065795898
0.18320918083190918
0.2150099277496338
0.17490386962890625
0.2325882911682129
0.20391297340393066
0.20423531532287598
0.18506765365600586
0.16670727729797363
0.20590758323669434
0.2027149200439453
0.1884763240814209
0.23685669898986816
0.20361924171447754
0.20189380645751953
0.23349618911743164
0.23341965675354004
0.17248225212097168
0.24254179000854492
0.20632648468017578
0.1902477741241455
0.17052960395812988
0.22901439666748047
0.20593810081481934
0.2041621208190918
0.19800090789794922
0.19166326522827148
0.2444896697998047
0.2181072235107422
0.2000415325164795
0.2053532600402832
0.19208931922912598
0.2067887783050537
0.21492934226989746
0.18672513961791992
0.19730353355407715
0.21043896675109863
0.18356633186340332
0.1975996494293213
0.22623825073242188
0.17397737503051758
0.24752330780029297
0.17236685752868652
0.2172842025756836
0.19199895858764648
0.22832798957824707
0.21273016929626465
0.16659307479858398
0.24484539031982422
0.1673414707183838
0.245039701461792
0.22839689254760742
0.19200825691223145
0.21831846237182617
0.21048974990844727
0.2253267765045166
0.1663970947265625
0.24355864524841309
0.17445802688598633
0.23211288452148438
0.2106189727783203
0.161665678024292
0.2538869380950928
0.20095252990722656
0.21009182929992676
0.20053815841674805
0.23999238014221191
0.22293782234191895
0.19846749305725098
0.17841720581054688
0.2034008502960205
0.19034576416015625
0.24324464797973633
0.18361234664916992
0.19871187210083008
0.19926142692565918
0.21043825149536133
0.16445088386535645
0.2326374053955078
0.21625709533691406
0.17963933944702148
0.23354697227478027
0.2204577922821045
0.18422460556030273
0.21469330787658691
0.21002721786499023
0.23065972328186035
0.20226263999938965
0.21029376983642578
0.20734286308288574
0.18396711349487305
0.2020566463470459
0.2533845901489258
0.22778749465942383
0.20299673080444336
0.19207549095153809
0.24850034713745117
0.17333197593688965
0.24564790725708008
0.2324223518371582
0.19515395164489746
0.1669301986694336
0.22974324226379395
0.2755553722381592
0.23791742324829102
0.19582557678222656
0.22813868522644043
0.199509859085083
0.2100379467010498
0.22934842109680176
0.21740221977233887
0.2086942195892334
0.21371769905090332
0.2115774154663086
0.2249290943145752
0.21090292930603027
0.24398493766784668
0.23567748069763184
0.23498106002807617
0.22601962089538574
0.15355277061462402
0.24817633628845215
0.26146817207336426
0.23348689079284668
0.19584965705871582
0.24335622787475586
0.2110581398010254
0.21491336822509766
0.19763851165771484
0.20987749099731445
0.20860028266906738
0.19109082221984863
0.2478775978088379
0.21306300163269043
0.2406787872314453
0.2055363655090332
0.19185113906860352
0.2385718822479248
0.2050011157989502
0.16632866859436035
0.18371105194091797
0.2650578022003174
0.21500420570373535
0.24430418014526367
0.18931794166564941
0.20153117179870605
0.20876455307006836
0.1691446304321289
0.21625328063964844
0.20113635063171387
0.19491839408874512
0.20726990699768066
0.271547794342041
0.18779993057250977
0.1903371810913086
0.21063613891601562
0.19931769371032715
0.18909239768981934
0.2195425033569336
0.19425272941589355
0.24821949005126953
0.1809093952178955
0.2274942398071289
0.20616745948791504
0.2284696102142334
0.212660551071167
0.21996021270751953
0.21078991889953613
0.16330981254577637
0.24366211891174316
0.2152101993560791
0.15941691398620605
0.21023011207580566
0.2518742084503174
0.2098381519317627
0.19538044929504395
0.230543851852417
0.23627662658691406
0.21616554260253906
0.24991941452026367
0.20487332344055176
0.24760794639587402
0.1866605281829834
0.24285507202148438
0.21113348007202148
0.2122030258178711
0.19364333152770996
0.1869199275970459
0.2381608486175537
0.2145683765411377
0.20672988891601562
0.256206750869751
0.2298905849456787
0.2064039707183838
0.1900036334991455
0.25328969955444336
0.18700671195983887
0.2255847454071045
0.19909214973449707
0.19400644302368164
0.21033072471618652
0.2866935729980469
0.23921847343444824
0.24774932861328125
0.20046520233154297
0.19457483291625977
0.21902036666870117
0.20202016830444336
0.2071082592010498
0.2517580986022949
0.20790982246398926
0.22797536849975586
0.23873424530029297
0.21499300003051758
0.20808696746826172
0.1714799404144287
0.24091815948486328
0.1961655616760254
0.20036673545837402
0.2233414649963379
0.1466524600982666
0.22761917114257812
0.1709139347076416
0.20092153549194336
0.24069666862487793
0.20558524131774902
0.16300296783447266
0.22138142585754395
0.20347881317138672
0.17414426803588867
0.22863435745239258
0.22673559188842773
0.18647503852844238
0.22426629066467285
0.21495795249938965
0.24826788902282715
0.26067638397216797
0.26119327545166016
0.2430400848388672
0.20636916160583496
0.2590487003326416
0.2013230323791504
0.21282410621643066
0.201033353805542
0.14440536499023438
0.2117147445678711
0.15925288200378418
0.24668431282043457
0.22699618339538574
0.23016667366027832
0.2413637638092041
0.1762406826019287
0.21358442306518555
0.2213914394378662
0.1917862892150879
0.18321776390075684
0.22133207321166992
0.1595447063446045
0.2676076889038086
0.17958545684814453
0.2730376720428467
0.22979354858398438
0.20337867736816406
0.1937856674194336
0.2271745204925537
0.19858980178833008
0.1996321678161621
0.23282623291015625
0.1810297966003418
0.20041131973266602
0.2315075397491455
0.24460840225219727
0.2287132740020752
0.2324230670928955
0.21320652961730957
0.23140215873718262
0.18395304679870605
0.19550395011901855
0.223480224609375
0.18703174591064453
0.19290828704833984
0.194915771484375
0.20186924934387207
0.2289743423461914
0.19983673095703125
0.20125102996826172
0.1963024139404297
0.19631481170654297
0.16817688941955566
0.2203366756439209
0.1710529327392578
0.23771953582763672
0.2071845531463623
0.1908276081085205
0.24586009979248047
0.18799114227294922
0.1782667636871338
0.1809070110321045
0.2342519760131836
0.22543668746948242
0.17025423049926758
0.2155301570892334
0.21359014511108398
0.23611021041870117
0.22001385688781738
0.21413707733154297
0.21575498580932617
0.22721385955810547
0.19124317169189453
0.19216513633728027
0.1971452236175537
0.20190143585205078
0.19988298416137695
0.20362472534179688
0.24761343002319336
0.19180965423583984
0.22996973991394043
0.16064977645874023
0.22954225540161133
0.21334171295166016
0.23369550704956055
0.2191600799560547
0.2048788070678711
0.22037744522094727
0.21303009986877441
0.1771712303161621
0.19496512413024902
0.17398667335510254
0.22774958610534668
0.19778156280517578
0.24025630950927734
0.2045302391052246
0.2091197967529297
0.18036198616027832
0.2085573673248291
0.2266683578491211
0.1914505958557129
0.21165895462036133
0.2093043327331543
0.18168354034423828
0.26583170890808105
0.18096041679382324
0.2459251880645752
0.22225499153137207
0.22912096977233887
0.1823279857635498
0.21615362167358398
0.1966688632965088
0.20885634422302246
0.20843052864074707
0.22583270072937012
0.19998431205749512
0.3700237274169922
0.19121122360229492
0.19299077987670898
0.2059187889099121
0.2254955768585205
0.23455119132995605
0.19138050079345703
0.2373332977294922
0.21580219268798828
0.1684870719909668
0.22038722038269043
0.2640657424926758
0.21230697631835938
0.22445464134216309
0.2050340175628662
0.17266368865966797
0.2559494972229004
0.20523524284362793
0.22389650344848633
0.20173978805541992
0.18237948417663574
0.24263763427734375
0.17858338356018066
0.21523594856262207
0.19580984115600586
0.17831897735595703
0.24416399002075195
0.18588590621948242
0.1797022819519043
0.22100019454956055
0.22941803932189941
0.21217656135559082
0.19739675521850586
0.2111682891845703
0.22446298599243164
0.2090768814086914
0.20322680473327637
0.23041725158691406
0.18929171562194824
0.21968698501586914
0.23044872283935547
0.2543511390686035
0.20705747604370117
0.1799464225769043
0.22798967361450195
0.20954632759094238
0.24249482154846191
0.1690812110900879
0.22113490104675293
0.22003173828125
0.2162492275238037
0.22766661643981934
0.19976019859313965
0.19619369506835938
0.23651432991027832
0.29358553886413574
