0.0 0.0 -0.0060713850187088785 -0.19648495206177602
0.05235983333333333 1.7453277777777776 -0.012527890727795492 -0.21467126750622048
0.10471966666666666 1.7453277777777776 -0.018968028752982105 -0.21467126750622048
0.1483528611111111 1.4544398148148148 -0.01765315814634872 0.03629988562711283
0.2181659722222222 2.3271037037037035 -0.0017284928905753358 0.5164186133604461
0.30543236111111105 2.9088796296296286 0.004435576866164715 0.21452577698266836
0.33161227777777774 0.8726638888888898 0.0019924272493581003 -0.07281800703955382
0.3403389166666666 0.29088796296296204 -0.00401342156301518 -0.19648495206177602
0.3665188333333333 0.8726638888888898 -0.006086661523681795 -0.07281800703955382
0.40142538888888885 1.1635518518518517 -0.007147287440401742 -0.03644537615066494
0.42760530555555554 0.8726638888888898 -0.003857382976501691 0.1054078843160017
0.4886917777777777 2.0362157407407397 -0.004516455048208305 -0.0182590607062205
0.5323249722222222 1.4544398148148157 -0.003940312574928253 0.018113570182668386
0.6021380833333333 2.3271037037037035 -0.0039588626166815345 -7.274526177605757e-05
0.6632245555555555 2.0362157407407397 -0.0028371306800681496 0.03629988562711283
0.7504909444444443 2.9088796296296278 -0.0011861769640214314 0.05448620107155727
0.8290306944444443 2.6179916666666676 0.00044840906812528675 0.05448620107155727
0.8988438055555554 2.3271037037037035 0.002082995100272005 0.05448620107155727
0.9686569166666665 2.3271037037037035 0.0031556239851853896 0.03629988562711283
1.0297433888888887 2.0362157407407397 0.003682663406765441 0.018113570182668386
1.090829861111111 2.0362157407407397 0.003664113365012159 -7.274526177605757e-05
1.1344630555555555 1.4544398148148194 0.002538016712692211 -0.03644537615066494
1.1955495277777777 2.0362157407407397 0.0014446554281722628 -0.03644537615066494
1.2653626388888888 2.3271037037037035 0.0020371655853523144 0.018113570182668386
1.3351757499999999 2.3271037037037035 0.004154052703085699 0.06903525342711282
1.396262222222222 2.0362157407407397 0.004651630293645751 0.018113570182668386
1.4573486944444443 2.0362157407407397 0.004071123104659136 -0.0182590607062205
1.5097085277777775 1.7453277777777758 0.0052092227251725205 0.03629988562711283
1.5795216388888886 2.3271037037037035 0.0051743049995192384 -7.274526177605757e-05
1.6231548333333332 1.4544398148148194 0.005172122641665957 -7.274526177605757e-05
1.6929679444444443 2.3271037037037035 0.005169940283812675 -7.274526177605757e-05
1.7366011388888887 1.4544398148148119 0.00460580077872606 -0.0182590607062205
1.8064142499999998 2.3271037037037035 0.0046199861047727785 -7.274526177605757e-05
1.858774083333333 1.7453277777777758 0.004617803746919497 -7.274526177605757e-05
1.937313833333333 2.6179916666666676 0.0051775785362995486 0.018113570182668386
2.0071269444444444 2.327103703703711 0.006282942789012934 0.03629988562711283
2.0769400555555553 2.3271037037036963 0.007933896505059653 0.05448620107155727
2.1380265277777775 2.0362157407407397 0.008444568242739705 0.018113570182668386
2.190386361111111 1.7453277777777831 0.00786406105375309 -0.0182590607062205
2.242746194444444 1.7453277777777685 0.008440203527033141 0.018113570182668386
2.3038326666666666 2.0362157407407544 0.007859696338046528 -0.0182590607062205
2.3561924999999997 1.7453277777777685 0.008435838811326578 0.018113570182668386
2.408552333333333 1.7453277777777831 0.00897924591680663 0.018113570182668386
2.4609121666666662 1.7453277777777685 0.008398738727820015 -0.0182590607062205
2.5132719999999997 1.7453277777777831 0.008412924053866734 -7.274526177605757e-05
2.5656318333333332 1.7453277777777831 0.00784878454878012 -0.0182590607062205
2.6267183055555554 2.0362157407407397 0.00842492702206017 0.018113570182668386
2.6878047777777776 2.0362157407407397 0.008968334127540221 0.018113570182668386
2.74889125 2.0362157407407397 0.008949784085786939 -7.274526177605757e-05
2.8187043611111107 2.3271037037036963 0.010071516022400324 0.03629988562711283
2.888517472222222 2.327103703703711 0.011160512591213709 0.03629988562711283
2.940877305555555 1.7453277777777685 0.012249509160027094 0.03629988562711283
2.9932371388888885 1.7453277777777831 0.01165263428714048 -0.0182590607062205
3.045596972222222 1.7453277777777831 0.01054290531872053 -0.03644537615066494
3.097956805555555 1.7453277777777685 0.010573458328667249 -7.274526177605757e-05
3.1503166388888886 1.7453277777777831 0.0111332331180473 0.018113570182668386
3.2114031111111108 2.0362157407407397 0.011114683076294018 -7.274526177605757e-05
3.272489583333333 2.0362157407407397 0.010550543571207403 -0.0182590607062205
3.333576055555555 2.0362157407407397 0.011688643191720789 0.03629988562711283
3.3946625277777773 2.0362157407407397 0.01221568261330084 0.018113570182668386
3.4557489999999995 2.0362157407407397 0.01275908971878089 0.018113570182668386
3.5168354722222217 2.0362157407407397 0.012740539677027608 -7.274526177605757e-05
3.569195305555555 1.7453277777777831 0.012738357319174326 -7.274526177605757e-05
3.6215551388888887 1.7453277777777831 0.012736174961321045 -7.274526177605757e-05
3.6913682499999996 2.3271037037036963 0.012733992603467763 -7.274526177605757e-05
3.743728083333333 1.7453277777777831 0.013293767392847815 0.018113570182668386
3.8048145555555553 2.0362157407407397 0.013275217351094533 -7.274526177605757e-05
3.8659010277777774 2.0362157407407397 0.013834992140474584 0.018113570182668386
3.9357141388888883 2.3271037037036963 0.01494035639318797 0.03629988562711283
3.988073972222222 1.7453277777777831 0.01546739581476802 0.018113570182668386
4.040433805555555 1.7453277777777685 0.016010802920248073 0.018113570182668386
4.092793638888889 1.745327777777798 0.01543029573126146 -0.0182590607062205
4.136426833333333 1.4544398148148119 0.01432056676284151 -0.03644537615066494
4.188786666666666 1.7453277777777685 0.014351119772788228 -7.274526177605757e-05
4.241146499999999 1.7453277777777685 0.01491089456216828 0.018113570182668386
4.310959611111111 2.327103703703711 0.014892344520414998 -7.274526177605757e-05
4.363319444444444 1.7453277777777685 0.01545211930979505 0.018113570182668386
4.433132555555555 2.327103703703711 0.016557483562508434 0.03629988562711283
4.494219027777778 2.0362157407407544 0.01652256583685515 -7.274526177605757e-05
4.546578861111111 1.7453277777777685 0.01652038347900187 -7.274526177605757e-05
4.607665333333333 2.0362157407407544 0.017642115415615254 0.03629988562711283
4.660025166666666 1.7453277777777685 0.018731111984428638 0.03629988562711283
4.712384999999999 1.7453277777777685 0.01982010855324202 0.03629988562711283
4.756018194444444 1.4544398148148119 0.019223233680355407 -0.0182590607062205
4.799651388888888 1.4544398148148119 0.019237419006402124 -7.274526177605757e-05
4.834557944444444 1.1635518518518555 0.020921108090248844 0.05448620107155727
4.869464499999999 1.1635518518518555 0.02030786553346223 -0.0182590607062205
4.886917777777777 0.581775925925913 0.019760093712275616 -0.0182590607062205
4.913097694444444 0.872663888888899 0.019774279038322334 -7.274526177605757e-05
4.939277611111111 0.872663888888899 0.01808622523876905 -0.05463169159510938
4.965457527777777 0.8726638888888694 0.017571188785382438 -0.0182590607062205
5.009090722222222 1.4544398148148416 0.017023416964195823 -0.0182590607062205
5.052723916666666 1.4544398148148119 0.015351730848542543 -0.05463169159510938
5.096357111111111 1.4544398148148119 0.014274737247922595 -0.03644537615066494
5.174896861111111 2.6179916666666676 0.014867247405102646 0.018113570182668386
5.2621632499999995 2.9088796296296238 0.01698413452283603 0.06903525342711282
5.349429638888888 2.9088796296296238 0.020741063567349415 0.12359419976044615
5.4192427499999996 2.327103703703711 0.023886932412929468 0.1054078843160017
5.471602583333333 1.7453277777777685 0.025475688930156188 0.05448620107155727
5.506509138888888 1.1635518518518555 0.02924571212178957 0.12359419976044615
5.523962416666666 0.581775925925913 0.03733680386302295 0.2654474602271128
5.480329222222221 -1.4544398148148119 0.05462871631390966 0.5673402966048905
5.3668829166666665 -3.781543518518493 0.04804672502825638 -0.19648495206177602
5.174896861111111 -6.39953518518519 0.043276090760869766 -0.16011232117288715
4.974184166666666 -6.690423148148147 0.04173207257963649 -0.05463169159510938
4.764744833333332 -6.981311111111133 0.03188854748217654 -0.32015189708399827
4.546578861111111 -7.272199074074059 0.022845947716889924 -0.3019655816395538
4.380772722222222 -5.526871296296291 0.019294160310589975 -0.12373969028399827
4.249873138888889 -4.363319444444436 0.01277218386590336 -0.21467126750622048
4.1538801111111106 -3.19976759259261 0.005770088693483413 -0.23285758295066494
4.127700194444444 -0.872663888888899 -0.006722818837923202 -0.4110834743062205
4.162606749999999 1.1635518518518555 -0.025012068827783146 -0.6038584180173315
4.337139527777778 5.817759259259278 -0.04751108711672309 -0.7457116784839982
4.616391972222222 9.308414814814814 -0.0561706830787497 -0.3019655816395538
4.982910805555555 12.217294444444438 -0.052079853282676315 0.12359419976044615
5.384336194444444 13.380846296296294 -0.03409831575013627 0.585526612049335
5.8119415 14.253510185185192 -0.01765643168312289 0.5491539811604461
6.27445336111111 15.417062037037018 0.005449282089043831 0.7637525034048906
6.710785305555555 14.544398148148149 0.03600447439356388 1.011086393449335
7.05985086111111 11.635518518518525 0.06633706619704392 1.011086393449335
7.251836916666666 6.39953518518519 0.09666965800052398 1.011086393449335
7.2692901944444435 0.581775925925913 0.10733374965083735 0.37456535289377946
7.129663972222222 -4.654207407407393 0.11576092450148406 0.28363377567155723
6.885318083333333 -8.144862962962959 0.12101058631767744 0.17815314609377947
6.571159083333333 -10.47196666666667 0.1241073521115575 0.1054078843160017
6.213366888888888 -11.926406481481482 0.11850305714419757 -0.17829863661733159
5.829394777777777 -12.79907037037038 0.10213973795990428 -0.5347504193284427
5.4192427499999996 -13.67173425925925 0.07564482244151101 -0.8730158865951092
5.043997277777777 -12.508182407407425 0.04181172864128441 -1.1203497766395536
4.703658361111111 -11.34463055555554 -0.00281312474367554 -1.476801559350665
4.546578861111111 -5.235983333333335 -0.03497889714395548 -1.0839771457506648
4.572758777777778 0.872663888888899 -0.05210058568228209 -0.585672102572887
4.790924749999999 7.272199074074059 -0.057644865808675366 -0.19648495206177602
5.096357111111111 10.181078703703713 -0.04589395994740199 0.37456535289377946
5.471602583333333 12.508182407407395 -0.023755030704261937 0.7273798725160017
5.88175461111111 13.67173425925925 0.009642682704224775 1.1020179706715572
6.230820166666666 11.635518518518525 0.05259366761567815 1.4220971224937793
6.457712777777777 7.563087037037046 0.08536613549918486 1.1020179706715572
6.483892694444444 0.872663888888899 0.09752186874225156 0.4254870361382239
6.35299311111111 -4.363319444444466 0.10534125693074495 0.2654474602271128
6.1086472222222215 -8.144862962962959 0.11060728643083834 0.17815314609377947
5.80321486111111 -10.181078703703713 0.11156861506523172 0.03629988562711283
5.445422666666666 -11.926406481481482 0.10827434588562511 -0.10555337483955383
5.087630472222222 -11.926406481481452 0.1034218731987385 -0.16011232117288715
4.616391972222222 -15.707950000000004 0.09423523781513189 -0.3019655816395538
4.276053055555555 -11.344630555555568 0.07910713317582528 -0.4983777884395538
3.900807583333333 -12.508182407407395 0.04988208798291201 -0.9603102007284426
3.525562111111111 -12.508182407407409 0.006799070421332069 -1.4222426130173313
3.3073961388888886 -7.2721990740740745 -0.034744293674721205 -1.3858699821284426
3.2812162222222216 -0.872663888888899 -0.059349287292127816 -0.8366432557062204
3.4382957222222217 5.235983333333335 -0.06680313054018777 -0.2655929507506649
3.6913682499999996 8.43575092592593 -0.05993525037574772 0.21452577698266836
4.057887083333333 12.217294444444454 -0.03765228551428767 0.7273798725160017
4.468039111111111 13.67173425925925 -0.006502400694734287 1.0292727088937794
4.852011222222222 12.79907037037038 0.0277475234554791 1.1383906015604461
5.096357111111111 8.144862962962959 0.06133728435505915 1.1202042861160015
5.192350138888888 3.1997675925925804 0.08168122426383252 0.6910072416271127
5.1050837499999995 -2.9088796296296238 0.0926333871507859 0.37456535289377946
4.886917777777777 -7.27219907407409 0.09723925340024596 0.15996683064933503
4.572758777777778 -10.47196666666664 0.09383368397011935 -0.10555337483955383
4.223693222222222 -11.635518518518525 0.0911166484427194 -0.09100432248399827
3.8397211111111105 -12.79907037037038 0.08838651876819945 -0.09100432248399827
3.4382957222222217 -13.380846296296294 0.08520682337589283 -0.10555337483955383
3.028143694444444 -13.67173425925925 0.08417565929019288 -0.03644537615066494
2.5918117499999997 -14.544398148148149 0.08533012659460626 0.03629988562711283
2.164206444444444 -14.253510185185192 0.08304738028001965 -0.07281800703955382
1.7366011388888887 -14.253510185185178 0.07591761717317971 -0.23285758295066494
1.3002691944444442 -14.544398148148149 0.06185122962951976 -0.4620051575506649
0.8552106111111111 -14.835286111111106 0.041359980565646486 -0.6766036797951093
0.42760530555555554 -14.253510185185185 0.020499913024559873 -0.6947899952395538
0.04363319444444444 -12.79907037037037 0.004039478915793262 -0.5529367347728871
-0.28797908333333333 -11.053742592592593 -0.014684060286880017 -0.622044733461776
-0.5148716944444444 -7.563087037037034 -0.035593230879666635 -0.6947899952395538
-0.619591361111111 -3.490655555555555 -0.04980583639949991 -0.48019147299510934
-0.5672315277777777 1.7453277777777758 -0.05375917765081319 -0.14192600572844272
-0.3665188333333333 6.690423148148149 -0.054195649221479805 -0.0182590607062205
-0.061086472222222216 10.181078703703703 -0.04710080384029309 0.22907482933822393
0.30543236111111105 12.217294444444441 -0.02752832743267304 0.6400855583826682
0.6632245555555555 11.926406481481482 -0.0012451006260529916 0.8692331329826684
0.9773835555555554 10.471966666666665 0.021572541909473726 0.7637525034048906
1.1780962499999998 6.690423148148147 0.029649448324660443 0.28363377567155723
1.2740892777777777 3.199767592592595 0.027144101509033826 -0.07281800703955382
1.3002691944444442 0.8726638888888842 0.018440858389940543 -0.2837792661951094
1.326449111111111 0.8726638888888916 3.7034612780599075e-05 -0.6038584180173315
1.396262222222222 2.3271037037037035 -0.032914386614699344 -1.0839771457506648
1.570795 5.817759259259263 -0.08083132682141263 -1.5822821889284426
1.858774083333333 9.59930277777777 -0.13819023828057259 -1.902361340750665
2.2252929166666666 12.217294444444454 -0.20897283289558585 -2.3461074375951094
2.6179916666666663 13.089958333333323 -0.29475368185763245 -2.8444124807728866
3.0543236111111107 14.544398148148149 -0.3937978106733124 -3.2881585776173314
3.490655555555555 14.544398148148149 -0.49907366233918565 -3.5027570998617756
3.9357141388888883 14.835286111111106 -0.625061181212119 -4.179288034395109
4.398225999999999 15.417062037037033 -0.750889387961759 -4.193837086750665
4.878191138888888 15.998837962962961 -0.9080617093798988 -5.208633488550665
5.375609555555555 16.580613888888905 -1.0616233197296987 -5.121339174417331
5.820668138888888 14.835286111111106 -1.1937967319379053 -4.426621924439553
6.309359916666666 16.289725925925918 -1.295800138002705 -3.4300118380839977
6.815504972222222 16.87150185185186 -1.3581271871149783 -2.116959862995109
7.321650027777777 16.87150185185186 -1.3853335512935583 -0.9421238852839982
7.775435249999999 15.126174074074061 -1.3905570248155117 -0.19648495206177602
8.281580305555554 16.871501851851832 -1.3865611275860583 0.12359419976044615
8.78772536111111 16.87150185185189 -1.3822913444460116 0.1417805152048906
9.258963861111111 15.707950000000004 -1.3818592375910517 0.018113570182668386
9.773835555555554 17.16238981481476 -1.3873849676756915 -0.17829863661733159
10.227620777777776 15.126174074074092 -1.3273221148362515 1.9385884811160015
10.716312555555554 16.289725925925918 -1.2944525320282714 1.1202042861160015
11.178824416666666 15.417062037037077 -1.2834370807635713 0.38911440524933505
11.658789555555554 15.99883796296293 -1.2936799773481913 -0.32015189708399827
12.182387888888888 17.453277777777803 -1.3181202029476713 -0.8002706248173315
12.636173111111109 15.126174074074033 -1.3514568103362645 -1.1021634611951092
13.133591527777776 16.580613888888905 -1.3823862770126312 -1.0330554625062205
13.65718986111111 17.453277777777803 -1.4001157522131111 -0.6038584180173315
14.093521805555554 14.544398148148119 -1.406767578950071 -0.23285758295066494
14.582213583333331 16.289725925925918 -1.4082461263957045 -0.05463169159510938
15.088358638888888 16.87150185185189 -1.4153922571864443 -0.23285758295066494
15.585777055555553 16.580613888888845 -1.426199293276151 -0.35652452797288714
16.048288916666664 15.417062037037018 -1.4439756891704774 -0.585672102572887
16.55443397222222 16.87150185185189 -1.4626697665421307 -0.622044733461776
17.02567247222222 15.707949999999945 -1.4720026199019107 -0.32015189708399827
17.51436425 16.289725925926035 -1.4810452196671973 -0.3019655816395538
18.020509305555553 16.87150185185177 -1.4780783041655907 0.08722156887155727
18.500474444444443 15.998837962962991 -1.471078391351024 0.22907482933822393
0.0 -616.6824814814814 -0.01942734961037328 -0.622044733461776
-0.061086472222222216 -2.0362157407407406 -0.042471957362646556 -0.7638979939284427
-0.17453277777777776 -3.7815435185185184 -0.0830343516036265 -1.3349482988839982
-0.07853974999999999 3.1997675925925924 -0.09667081465017979 -0.48019147299510934
0.15707949999999998 7.853974999999999 -0.07320064711650641 0.7455661879604462
0.47123849999999995 10.471966666666665 -0.05577888437334636 0.585526612049335
0.8115774166666666 11.344630555555556 -0.03652721457016632 0.6400855583826682
1.169369611111111 11.926406481481477 -0.016200733524219604 0.6764581892715572
1.5009818888888886 11.05374259259259 -0.0019761250361928864 0.4800459824715573
1.780234333333333 9.308414814814814 0.004220680088347164 0.21452577698266836
2.0420334999999996 8.726638888888887 0.01009449625059388 0.1963394615382239
2.268926111111111 7.563087037037046 0.011601414348320599 0.05448620107155727
2.4696388055555554 6.690423148148147 0.01211208608600065 0.018113570182668386
2.6703514999999998 6.690423148148147 0.012093536044247368 -7.274526177605757e-05
2.8623375555555555 6.39953518518519 0.014226790845880752 0.06903525342711282
3.045596972222222 6.108647222222219 0.015286325583674137 0.03629988562711283
3.2288563888888886 6.108647222222219 0.01581336500525419 0.018113570182668386
3.3859358888888886 5.235983333333335 0.019054166417454242 0.1054078843160017
3.5430153888888887 5.235983333333335 0.020642922934680962 0.05448620107155727
3.656461694444444 3.7815435185185082 0.021715551819594347 0.03629988562711283
3.761181361111111 3.4906555555555663 0.02381607125342773 0.06903525342711282
3.8397211111111105 2.6179916666666525 0.025437563138454453 0.05448620107155727
3.8833543055555553 1.4544398148148268 0.026510192023367837 0.03629988562711283
3.892080944444444 0.2908879629629565 0.02759918859218122 0.03629988562711283
3.8833543055555553 -0.2908879629629565 0.03250949376218128 0.15996683064933503
3.813541194444444 -2.327103703703711 0.041691764430081324 0.3018200911160017
3.7000948888888887 -3.7815435185185082 0.02984156128648138 -0.3747108434173315
3.525562111111111 -5.817759259259263 0.03343590467092143 0.1054078843160017
3.368482611111111 -5.235983333333335 0.03502466118814815 0.05448620107155727
3.1503166388888886 -7.2721990740740745 0.03935664152701486 0.1417805152048906
2.8972441111111107 -8.43575092592593 0.038664834087508246 -0.0182590607062205
2.5656318333333332 -11.053742592592583 0.041376413720274965 0.08722156887155727
2.2165662777777775 -11.635518518518525 0.04455501793365502 0.1054078843160017
1.8151408888888887 -13.380846296296294 0.053786391653255064 0.3018200911160017
1.396262222222222 -13.96262222222222 0.06171708009226845 0.2654474602271128
0.9599302777777776 -14.544398148148149 0.06529723815066184 0.12359419976044615
0.5148716944444444 -14.83528611111111 0.05203395829702855 -0.425632526661776
0.04363319444444444 -15.707949999999997 0.013414953724441942 -1.2622030371062203
-0.3490655555555555 -13.089958333333334 -0.03602745462175133 -1.636841135261776
-0.5846848055555555 -7.853974999999998 -0.07299441429936461 -1.244016721661776
-0.6457712777777778 -2.0362157407407433 -0.09772707585119123 -0.8366432557062204
-0.5148716944444444 4.363319444444447 -0.13271681931368448 -1.1567224075284426
-0.2705258055555555 8.144862962962963 -0.10863777393893109 0.7455661879604462
0.0698131111111111 11.344630555555554 -0.09998254269261105 0.3018200911160017
0.4886917777777777 13.96262222222222 -0.055187465395091 1.4584697533826683
0.8726638888888888 12.79907037037037 -0.004914669885704291 1.6694310125382237
1.1431896944444444 9.017526851851853 0.017182794558222428 0.7637525034048906
1.239182722222222 3.199767592592588 0.02143839237222248 0.15996683064933503
1.2653626388888888 0.8726638888888916 0.012525642899209197 -0.2837792661951094
1.2653626388888888 0.0 -0.005878180877950747 -0.6038584180173315
1.3439023888888888 2.6179916666666676 -0.02242045340621736 -0.5529367347728871
1.553341722222222 6.98131111111111 -0.01147265523497064 0.3381927220048906
1.8238675277777776 9.01752685185185 0.0047422636152960745 0.5346049288048905
2.0682134166666666 8.144862962962966 0.01684671144880946 0.40730072069377943
2.2340195555555553 5.526871296296291 0.017601807266062842 0.03629988562711283
2.3561924999999997 4.0724314814814795 0.015881018098709558 -0.05463169159510938
0.0 -78.53975 -0.013102876551413279 -0.425632526661776
-0.061086472222222216 -2.0362157407407406 -0.02924359523466656 -0.5347504193284427
-0.16580613888888887 -3.490655555555555 -0.06945026514555316 -1.3167619834395536
-0.10471966666666666 2.0362157407407406 -0.08422701017047311 -0.5165641038839982
0.16580613888888887 9.01752685185185 -0.06566933016465307 0.585526612049335
0.4363319444444444 9.01752685185185 -0.05799397759447968 0.2654474602271128
0.8115774166666666 12.508182407407407 -0.03733032226019297 0.6764581892715572
1.1955495277777777 12.79907037037037 -0.014339182275326252 0.7637525034048906
1.553341722222222 11.926406481481482 -0.0024409672589528705 0.40730072069377943
1.867500722222222 10.471966666666662 0.008766531496840512 0.37456535289377946
2.190386361111111 10.762854629629633 0.017755663494720565 0.3018200911160017
2.364919138888889 5.817759259259263 0.01748177758412728 -7.274526177605757e-05
2.5656318333333332 6.690423148148147 0.018603509520740667 0.03629988562711283
2.731437972222222 5.526871296296291 0.020254463236787385 0.05448620107155727
2.871064194444444 4.654207407407407 0.021889049268934105 0.05448620107155727
2.9932371388888885 4.0724314814814795 0.02296167815384749 0.03629988562711283
3.097956805555555 3.4906555555555516 0.02348871757542754 0.018113570182668386
3.14159 1.4544398148148268 0.025156038975374263 0.05448620107155727
3.176496555555555 1.1635518518518406 0.026228667860287647 0.03629988562711283
3.1590432777777773 -0.5817759259259278 0.028329187294121032 0.06903525342711282
3.115410083333333 -1.4544398148148119 0.03489590207480108 0.21452577698266836
3.0106904166666664 -3.4906555555555516 0.04234319824930113 0.24726114478266836
2.8361576388888885 -5.817759259259263 0.037173192494754516 -0.16011232117288715
2.6092650277777776 -7.563087037037031 0.0246148142277479 -0.4110834743062205
2.338739222222222 -9.017526851851859 0.027679935832754615 0.08722156887155727
2.172933083333333 -5.526871296296291 0.037489634383488 0.3200064065604461
1.8762273611111109 -9.890190740740742 0.038323295083461384 0.03629988562711283
1.5184351666666664 -11.926406481481482 0.03941229165227477 0.03629988562711283
1.1344630555555555 -12.799070370370366 0.04106324536832149 0.05448620107155727
0.70685775 -14.253510185185185 0.048654577161141535 0.24726114478266836
0.2792524444444444 -14.253510185185185 0.06101763440027492 0.40730072069377943
-0.17453277777777776 -15.126174074074074 0.08256514466516164 0.7091935570715572
-0.619591361111111 -14.83528611111111 0.11271987430359502 0.9965373410937793
-1.0733765833333333 -15.126174074074077 0.15250644032771504 1.3166164929160016
-1.5271618055555554 -15.126174074074068 0.19414037227468176 1.3857244916048905
-1.9722203888888887 -14.835286111111113 0.23515014987559513 1.367538176160446
-2.5394519166666663 -18.907717592592586 0.28988804955290187 1.8112842730048904
-2.888517472222222 -11.635518518518525 0.3558028949760553 2.185922371160446
-3.351029333333333 -15.417062037037033 0.3570926684673753 0.1054078843160017
-3.7873612777777774 -14.544398148148149 0.30372201598518206 -1.7241354493951093
-4.232419861111111 -14.835286111111106 0.2558192611045154 -1.600468504372887
-4.694931722222222 -15.417062037037049 0.17599843143992214 -2.629813958528443
-5.148716944444444 -15.126174074074061 0.07451333536528887 -3.360903839395109
-5.523962416666666 -12.508182407407395 0.0061673432935222625 -2.3097348067062202
-5.73340175 -6.981311111111133 -0.026372703478604344 -1.1203497766395536
-5.715948472222221 0.5817759259259425 -0.047844922397550955 -0.7275253630395537
-5.558868972222221 5.235983333333335 -0.0719185118776709 -0.8002706248173315
-5.2883431666666665 9.017526851851828 -0.06737920754273752 0.12359419976044615
-4.930550972222222 11.926406481481482 -0.048835712862964134 0.6037129274937795
0.0 164.35169907407408 -0.007176683800686614 -0.21467126750622048
0.061086472222222216 2.0362157407407406 -0.006985727488519895 -7.274526177605757e-05
0.2268926111111111 5.526871296296296 0.008971673135053489 0.5164186133604461
0.3403389166666666 3.781543518518517 0.01176400000839354 0.1054078843160017
0.37524547222222215 1.1635518518518517 -0.0031687836030397393 -0.48019147299510934
0.4363319444444444 2.0362157407407415 -0.012629304897239686 -0.32015189708399827
0.5759581666666667 4.654207407407409 -0.009646021711732969 0.08722156887155727
0.7417643055555555 5.526871296296295 -0.0042195889094195855 0.17815314609377947
0.9162970833333333 5.817759259259259 -0.0016847802627728674 0.08722156887155727
1.0733765833333333 5.235983333333335 -0.006710750398999482 -0.16011232117288715
1.2566359999999999 6.108647222222219 -0.008816725727466097 -0.07281800703955382
1.4660753333333332 6.98131111111111 -0.0054940858957660465 0.1054078843160017
1.7104212222222221 8.144862962962966 -0.0039053293785393287 0.05448620107155727
1.954767111111111 8.144862962962959 -0.00013530618690594417 0.12359419976044615
2.207839638888889 8.43575092592593 0.00525839124760744 0.17815314609377947
2.4521855277777775 8.144862962962959 0.006781677029234158 0.05448620107155727
2.6878047777777776 7.853975000000002 0.0067303916196808766 -7.274526177605757e-05
2.9321506666666663 8.144862962962959 0.012797346451947593 0.1963394615382239
3.1677699166666664 7.853975000000002 0.01812557315086098 0.17815314609377947
3.412115805555555 8.144862962962959 0.017401030343554363 -0.0182590607062205
3.5517420277777774 4.654207407407407 0.016291301375134418 -0.03644537615066494
3.7524547222222218 6.690423148148147 0.02295294872243447 0.21452577698266836
3.909534222222222 5.235983333333335 0.025455022001281188 0.08722156887155727
4.031707166666666 4.0724314814814795 0.023126446171774572 -0.07281800703955382
4.127700194444444 3.1997675925925804 0.022627777402287958 -0.0182590607062205
4.232419861111111 3.4906555555555663 0.027025228476754676 0.1417805152048906
4.293506333333333 2.0362157407407544 0.03184060108013473 0.15996683064933503
4.328412888888888 1.163551851851826 0.03281829739842811 0.03629988562711283
4.293506333333333 -1.163551851851826 0.036042731126728164 0.1054078843160017
4.241146499999999 -1.745327777777798 0.04471214769909489 0.28363377567155723
4.110246916666666 -4.363319444444436 0.043892672325168275 -0.0182590607062205
3.909534222222222 -6.690423148148147 0.03615184901939499 -0.2510438983951094
3.6913682499999996 -7.2721990740740745 0.03412771211042838 -0.07281800703955382
3.4732022777777773 -7.2721990740740745 0.03306708619370843 -0.03644537615066494
3.2201297499999995 -8.43575092592593 0.03478351064535514 0.05448620107155727
2.9321506666666663 -9.59930277777777 0.043498756732641856 0.28363377567155723
2.5918117499999997 -11.344630555555554 0.03503666415634191 -0.2655929507506649
2.1991129999999997 -13.089958333333337 0.01436864410634863 -0.6766036797951093
1.858774083333333 -11.344630555555554 -0.004805551993037987 -0.6402310489062205
1.5446150833333332 -10.471966666666662 -0.010300729067731267 -0.19648495206177602
1.4224421388888888 -4.0724314814814795 -0.01507136333511788 -0.16011232117288715
1.3089958333333331 -3.781543518518523 -0.01605342436911783 -0.03644537615066494
1.2566359999999999 -1.7453277777777758 -0.014898957064704444 0.03629988562711283
1.2566359999999999 0.0 -0.008302780453004392 0.21452577698266836
1.2740892777777777 0.5817759259259278 -0.0014174414257376747 0.22907482933822393
1.2653626388888888 -0.2908879629629639 -0.006009122349150956 -0.14192600572844272
1.2740892777777777 0.2908879629629639 -0.020719305459544233 -0.48019147299510934
1.3700823055555553 3.199767592592588 -0.037372878238330846 -0.5529367347728871
1.5795216388888886 6.98131111111111 -0.02642508006708413 0.3381927220048906
1.867500722222222 9.599302777777778 -0.015717341259704084 0.35637903744933497
2.1467531666666666 9.308414814814821 -0.008959670166857366 0.22907482933822393
2.4347322499999997 9.59930277777777 -0.01141591393078398 -0.07281800703955382
2.7576178888888885 10.762854629629626 -0.009217188393550594 0.06903525342711282
3.124136722222222 12.217294444444454 4.692069384945683e-05 0.3018200911160017
3.508108833333333 12.799070370370366 0.01404674632298284 0.4618596670271128
3.874627666666666 12.217294444444438 0.032847759229449554 0.621899242938224
4.1538801111111106 9.308414814814814 0.04487364218024294 0.40730072069377943
4.337139527777778 6.108647222222234 0.053271355199869655 0.28363377567155723
4.415679277777778 2.6179916666666676 0.04919252837198971 -0.12373969028399827
4.424405916666666 0.2908879629629565 0.04210859478006976 -0.23285758295066494
4.406952638888888 -0.5817759259259425 0.03793265302771647 -0.14192600572844272
4.380772722222222 -0.8726638888888694 0.032550958561396524 -0.17829863661733159
4.345866166666666 -1.1635518518518555 0.026640042315643247 -0.19648495206177602
4.319686249999999 -0.872663888888899 0.022431365195489966 -0.14192600572844272
4.319686249999999 0.0 0.02030902218312335 -0.07281800703955382
4.328412888888888 0.2908879629629565 0.021496224855336733 0.03629988562711283
4.328412888888888 0.0 0.02528261573087012 0.12359419976044615
4.310959611111111 -0.581775925925913 0.027866527429216834 0.08722156887155727
4.267326416666666 -1.4544398148148119 0.023964471587456886 -0.12373969028399827
4.206239944444444 -2.0362157407407544 0.015869015130516938 -0.2655929507506649
4.188786666666666 -0.581775925925913 0.008350792325783658 -0.2510438983951094
4.223693222222222 1.1635518518518555 0.0025053468156303778 -0.19648495206177602
4.310959611111111 2.9088796296296238 -0.004513116040689571 -0.23285758295066494
4.450585833333333 4.654207407407422 0.006146610893917147 0.3381927220048906
4.633845249999999 6.108647222222205 0.02179957259695053 0.5164186133604461
4.756018194444444 4.0724314814814795 0.023467985175823915 0.06903525342711282
4.825831305555555 2.327103703703711 0.0123892455333773 -0.35652452797288714
4.913097694444444 2.9088796296296238 0.0016935096941906869 -0.35652452797288714
0.0 -163.76992314814814 -0.01451704444037328 -0.48019147299510934
-0.07853974999999999 -2.6179916666666663 -0.03060866007192656 -0.5347504193284427
-0.19198605555555553 -3.7815435185185184 -0.07958186147965317 -1.600468504372887
-0.13089958333333332 2.0362157407407406 -0.09297935634126646 -0.48019147299510934
0.0698131111111111 6.690423148148148 -0.07996159174613307 0.40730072069377943
0.38397211111111107 10.471966666666665 -0.06987800728480635 0.3381927220048906
0.7504909444444443 12.217294444444441 -0.0389398111770263 1.011086393449335
1.1257364166666666 12.508182407407409 -0.018497665164852923 0.6910072416271127
1.4486220555555553 10.762854629629626 -0.0048481079711795395 0.4618596670271128
1.7278744999999998 9.308414814814814 0.010693553481333846 0.5164186133604461
1.9984003055555553 9.01752685185185 0.014047837501907232 0.12359419976044615
2.1205732499999996 4.0724314814814795 0.010113046292347284 -0.12373969028399827
2.2951060277777775 5.817759259259263 0.012357601344500669 0.06903525342711282
2.4609121666666662 5.526871296296291 0.015552573241780719 0.1054078843160017
2.6005383888888884 4.654207407407407 0.015455458317307437 -7.274526177605757e-05
2.722711333333333 4.0724314814814795 0.01601523310668749 0.018113570182668386
2.8361576388888885 3.781543518518523 0.01768255450663421 0.05448620107155727
