0.0 0.0 -2.2478285889312885e-05 -0.0007274526177771161
0.0 0.0 -4.430186442262637e-05 -0.0007274526177771161
0.0 0.0 -0.0006280825901892732 -0.01891376806222156
0.0 0.0 -0.0017574527792892534 -0.03710008350666601
0.0 0.0 -0.0028704552844892334 -0.03710008350666601
0.008726638888888888 0.29088796296296293 -0.002859543495222547 -0.0007274526177771161
0.026179916666666664 0.5817759259259259 -0.0023194099265225272 0.017458862826667327
0.026179916666666664 0.0 -0.002357601188955841 -0.0007274526177771161
0.03490655555555555 0.29088796296296293 -0.0023794247674891545 -0.0007274526177771161
0.03490655555555555 0.0 -0.002401248346022468 -0.0007274526177771161
0.03490655555555555 0.0 -0.0018611147773224482 0.017458862826667327
0.03490655555555555 0.0 -0.0018993060397557617 -0.0007274526177771161
0.03490655555555555 0.0 -0.0019211296182890753 -0.0007274526177771161
0.03490655555555555 0.0 -0.0030668674912890555 -0.03710008350666601
0.03490655555555555 0.0 -0.004629435714275702 -0.05164913586222155
0.03490655555555555 0.0 -0.006178909790142349 -0.05164913586222155
0.061086472222222216 0.8726638888888888 -0.0067168610009889955 -0.01891376806222156
0.07853974999999999 0.5817759259259259 -0.003912531159455643 0.09020412460444509
0.11344630555555554 1.1635518518518517 -0.0006444502740889566 0.10839044004888954
0.12217294444444443 0.29088796296296293 -0.00020252280878893682 0.017458862826667327
0.12217294444444443 0.0 -0.00024071407122225032 -0.0007274526177771161
0.12217294444444443 0.0 0.0008613766447111027 0.03564517827111177
0.12217294444444443 0.0 0.0019307319928444557 0.03564517827111177
0.12217294444444443 0.0 0.002438130193744475 0.017458862826667327
0.10471966666666666 -0.5817759259259259 0.0012760246368444948 -0.03710008350666601
0.10471966666666666 0.0 -0.0008485007333754853 -0.069835451306666
0.10471966666666666 0.0 -0.004067478567042132 -0.10620808219555487
0.12217294444444443 0.5817759259259259 -0.006691763885675445 -0.08802176675111044
0.17453277777777776 1.7453277777777776 -0.0016897996858354256 0.159312123293334
0.2094393333333333 1.1635518518518517 0.0019656497184979273 0.1229394924044451
0.2181659722222222 0.29088796296296293 0.000708611594977947 -0.03710008350666601
0.2181659722222222 0.0 -0.0008539566280086994 -0.05164913586222155
0.2181659722222222 0.0 -0.0013919078388553463 -0.01891376806222156
0.23561924999999997 0.5817759259259259 -0.0008354065862553265 0.017458862826667327
0.23561924999999997 0.0 -0.001997512143155307 -0.03710008350666601
0.24434588888888886 0.29088796296296293 -0.0035600803661419538 -0.05164913586222155
0.2530725277777778 0.2908879629629639 -0.005671511589241934 -0.069835451306666
0.2792524444444444 0.8726638888888879 -0.0061930951161885805 -0.01891376806222156
0.31415899999999997 1.1635518518518517 -0.005074636716355227 0.03564517827111177
0.35779219444444443 1.4544398148148157 -0.0023194099265218746 0.09020412460444509
0.39269875 1.1635518518518517 0.000386713811611478 0.09020412460444509
0.4188786666666666 0.8726638888888879 0.00028305181357816457 -0.0007274526177771161
0.42760530555555554 0.2908879629629639 -0.0013122517772084818 -0.05164913586222155
0.42760530555555554 0.0 -0.0034236830003084623 -0.069835451306666
0.4537852222222222 0.8726638888888879 -0.006080703686741775 -0.08802176675111044
0.4886917777777777 1.1635518518518517 -0.008721356689275088 -0.08802176675111044
0.5585048888888888 2.3271037037037035 -0.008664615385088403 -0.0007274526177771161
0.6370446388888888 2.6179916666666676 -0.007562524669155049 0.03564517827111177
0.7330376666666666 3.1997675925925915 -0.0070551264682550295 0.017458862826667327
0.8464839722222222 3.7815435185185193 -0.00653136058345501 0.017458862826667327
0.9686569166666665 4.0724314814814795 -0.007131508993121657 -0.01891376806222156
1.0995564999999998 4.363319444444444 -0.00713696488775497 -0.0007274526177771161
1.2653626388888888 5.5268712962962985 -0.004910959877354951 0.07201780916000065
1.4398954166666664 5.8177592592592555 -0.003874339897021598 0.03564517827111177
1.6318814722222221 6.39953518518519 -0.0033669416961215784 0.017458862826667327
1.8238675277777776 6.399535185185183 -0.001157304369621559 0.07201780916000065
2.033306861111111 6.98131111111111 0.0010032299051784606 0.07201780916000065
2.251472833333333 7.2721990740740745 0.0014778927382784804 0.017458862826667327
2.4696388055555554 7.2721990740740745 0.0031255729175451667 0.05383149371555621
2.713984694444444 8.144862962962959 0.0014811662750585201 -0.05164913586222155
2.958330583333333 8.144862962962959 -6.830780080812628e-05 -0.05164913586222155
3.2463096666666664 9.599302777777785 0.005462878178465227 0.17749843873777843
3.5342887499999995 9.59930277777777 0.010225874193365245 0.159312123293334
3.813541194444444 9.308414814814814 0.010621972143745266 0.017458862826667327
4.084066999999999 9.017526851851843 0.011145738028545286 0.017458862826667327
4.380772722222222 9.890190740740756 0.014479289649511973 0.10839044004888954
4.677478444444444 9.890190740740728 0.013797302820345327 -0.01891376806222156
4.965457527777777 9.59930277777777 0.016039675514645347 0.07201780916000065
5.279616527777777 10.47196666666667 0.020335646948932033 0.14112580784888956
5.567595611111111 9.599302777777801 0.018050718276492052 -0.069835451306666
5.873027972222221 10.181078703703683 0.014831740442825406 -0.10620808219555487
6.19591361111111 10.762854629629626 0.016590720872612093 0.05383149371555621
6.544979166666666 11.635518518518525 0.026410240033685445 0.31935169920444506
6.885318083333333 11.344630555555568 0.028910130954678797 0.09020412460444509
7.199477083333332 10.47196666666664 0.026109074649925484 -0.08802176675111044
7.513636083333332 10.47196666666667 0.02346842164739217 -0.08802176675111044
7.880154916666666 12.217294444444468 0.027908428699998857 0.14112580784888956
8.229220472222222 11.635518518518525 0.03326611722993221 0.17749843873777843
8.578286027777777 11.635518518518495 0.03420780464364556 0.03564517827111177
8.918624944444444 11.344630555555568 0.03415324569731225 -0.0007274526177771161
9.276417138888888 11.926406481481482 0.035255336413245596 0.03564517827111177
9.625482694444443 11.635518518518495 0.035762734614145614 0.017458862826667327
10.000728166666665 12.508182407407395 0.03853432908787897 0.09020412460444509
10.367246999999999 12.217294444444468 0.04225197569103232 0.1229394924044451
10.725039194444443 11.926406481481482 0.04594016046316567 0.1229394924044451
11.091558027777777 12.217294444444468 0.050190302382532366 0.14112580784888956
11.414443666666665 10.762854629629597 0.04947885372234572 -0.01891376806222156
11.737329305555555 10.762854629629656 0.048911440680479076 -0.01891376806222156
12.07766822222222 11.34463055555551 0.050029899080312426 0.03564517827111177
12.40055386111111 10.762854629629656 0.05278512587014578 0.09020412460444509
12.723439499999998 10.762854629629597 0.05706472962053246 0.14112580784888956
13.037598499999998 10.47196666666667 0.05860110954927915 0.05383149371555621
13.325577583333333 9.59930277777783 0.05740626862457917 -0.03710008350666601
13.631009944444443 10.181078703703683 0.05854109470831253 0.03564517827111177
13.918989027777776 9.59930277777777 0.06230784436316588 0.1229394924044451
14.19824147222222 9.308414814814785 0.06161276338687924 -0.01891376806222156
14.451313999999998 8.435750925925944 0.062169264639479256 0.017458862826667327
14.713113166666664 8.726638888888871 0.06325498767151261 0.03564517827111177
14.974912333333332 8.726638888888932 0.06432434301964596 0.03564517827111177
15.236711499999998 8.726638888888871 0.06651761266224598 0.07201780916000065
15.46360411111111 7.563087037037046 0.06755423264257933 0.03564517827111177
15.690496722222221 7.563087037037046 0.06693771654901268 -0.01891376806222156
15.908662694444443 7.272199074074059 0.06693226065437936 -0.0007274526177771161
16.118102027777777 6.981311111111133 0.06803435137031272 0.03564517827111177
16.32754136111111 6.981311111111074 0.07236305817239941 0.14112580784888956
16.519527416666666 6.39953518518522 0.07502335239561275 0.09020412460444509
16.685333555555555 5.526871296296321 0.0743577332503461 -0.01891376806222156
16.833686416666666 4.945095370370349 0.07379032020847945 -0.01891376806222156
16.964585999999997 4.363319444444377 0.0749087786083128 0.03564517827111177
17.086758944444444 4.072431481481568 0.07597813395644615 0.03564517827111177
17.19147861111111 3.4906555555554775 0.0770474893045795 0.03564517827111177
17.278744999999997 2.9088796296296238 0.07373357890429286 -0.10620808219555487
17.357284749999998 2.617991666666697 0.06998537929119288 -0.12439439763999934
17.444551138888887 2.9088796296296238 0.0723226845521129 0.07201780916000065
17.549270805555555 3.490655555555596 0.07830452742809958 0.19568475418222286
17.610357277777776 2.036215740740725 0.07979180430514628 0.05383149371555621
17.627810555555552 0.5817759259258537 0.07758544051542629 -0.069835451306666
17.636537194444443 0.2908879629630453 0.0754903769762263 -0.069835451306666
17.64526383333333 0.29088796296292685 0.07440683630204632 -0.03710008350666601
17.64526383333333 0.0 0.07610361953301302 0.05383149371555621
17.636537194444443 -0.29088796296292685 0.07884247863894638 0.09020412460444509
17.619083916666664 -0.5817759259259722 0.08312208238933307 0.14112580784888956
17.557997444444442 -2.036215740740725 0.08960368521373308 0.2138710696266673
17.453277777777775 -3.490655555555596 0.08500545721675976 -0.14258071308444376
17.322378194444443 -4.363319444444377 0.08016607867699312 -0.16076702852888822
17.19147861111111 -4.363319444444495 0.07534306782112647 -0.16076702852888822
17.086758944444444 -3.4906555555554775 0.0760272370081465 0.017458862826667327
16.982039277777776 -3.490655555555596 0.07655100289294652 0.017458862826667327
16.86859297222222 -3.781543518518523 0.07651281163051321 -0.0007274526177771161
16.737693388888886 -4.363319444444495 0.07536707375751323 -0.03710008350666601
16.615520444444442 -4.07243148148145 0.07537798554677992 -0.0007274526177771161
16.47589422222222 -4.654207407407422 0.07535616196824661 -0.0007274526177771161
16.32754136111111 -4.945095370370349 0.07589629553694663 0.017458862826667327
16.16173522222222 -5.526871296296321 0.07585810427451332 -0.0007274526177771161
15.987202444444442 -5.8177592592592475 0.07370084353649334 -0.069835451306666
15.795216388888887 -6.399535185185161 0.07317926000954669 -0.01891376806222156
15.603230333333332 -6.399535185185161 0.07429771840938004 0.03564517827111177
15.393790999999998 -6.981311111111133 0.07210772230356005 -0.069835451306666
15.166898388888887 -7.563087037037046 0.07102418162938007 -0.03710008350666601
14.931279138888888 -7.853974999999973 0.06889965625916009 -0.069835451306666
14.695659888888887 -7.853975000000032 0.06455676413102678 -0.14258071308444376
14.451313999999998 -8.144862962962959 0.0635386941924468 -0.03710008350666601
14.215694749999999 -7.853974999999973 0.06793287173013349 0.14112580784888956
13.97134886111111 -8.144862962962959 0.06508598591046018 -0.08802176675111044
13.683369777777777 -9.59930277777777 0.056376195717806867 -0.28443397355111044
13.430297249999999 -8.435750925925944 0.05335035655416022 -0.10620808219555487
13.203404638888887 -7.563087037037046 0.055109336983946905 0.05383149371555621
12.967785388888888 -7.853974999999973 0.057848196089880254 0.09020412460444509
12.723439499999998 -8.144862962963018 0.05662061979738027 -0.03710008350666601
12.461640333333332 -8.726638888888871 0.052810222985460294 -0.12439439763999934
12.208567805555555 -8.435750925925886 0.05289969965744698 -0.0007274526177771161
11.972948555555554 -7.853975000000032 0.052877876078913665 -0.0007274526177771161
11.702422749999998 -9.017526851851859 0.051732138205913686 -0.03710008350666601
11.45807686111111 -8.144862962962959 0.05286696428964704 0.03564517827111177
11.187551055555554 -9.017526851851859 0.04955305388936039 -0.10620808219555487
10.917025249999998 -9.017526851851859 0.04850224858298041 -0.03710008350666601
10.646499444444443 -9.017526851851859 0.04637772321276044 -0.069835451306666
10.384700277777776 -8.726638888888871 0.03989939392514046 -0.21168871177333265
10.12290111111111 -8.726638888888871 0.038493955467593814 -0.05164913586222155
9.88728186111111 -7.853975000000032 0.04233927000516717 0.1229394924044451
9.669115888888888 -7.272199074074059 0.04276810332334719 0.017458862826667327
9.416043361111111 -8.435750925925886 0.040594474901427216 -0.069835451306666
9.162970833333333 -8.435750925925944 0.037375497067760576 -0.10620808219555487
8.918624944444444 -8.144862962962959 0.033627297454660594 -0.12439439763999934
8.700458972222222 -7.272199074074059 0.03540264556834728 0.05383149371555621
8.499746277777778 -6.690423148148147 0.03915302753930064 0.1229394924044451
8.264127027777777 -7.853975000000032 0.035760552256293994 -0.10620808219555487
8.037234416666665 -7.563087037037046 0.029314958336474014 -0.21168871177333265
7.810341805555555 -7.5630870370370165 0.02835908559671403 -0.03710008350666601
7.635809027777777 -5.817759259259278 0.03005586882768072 0.05383149371555621
7.4525496111111105 -6.108647222222205 0.02616363359626074 -0.12439439763999934
7.2692901944444435 -6.108647222222234 0.02411767310876076 -0.069835451306666
7.120937333333332 -4.945095370370378 0.027529789612447446 0.10839044004888954
6.972584472222222 -4.945095370370349 0.0268478027832808 -0.01891376806222156
6.815504972222222 -5.235983333333335 0.02571843259418082 -0.03710008350666601
6.6846053888888886 -4.363319444444436 0.02516738723621417 -0.01891376806222156
6.553705805555555 -4.363319444444466 0.02459997419434752 -0.01891376806222156
6.440259499999999 -3.781543518518523 0.024032561152480873 -0.01891376806222156
6.326813194444444 -3.781543518518493 0.02402710525784756 -0.0007274526177771161
6.19591361111111 -4.363319444444466 0.024005281679314247 -0.0007274526177771161
6.134827138888888 -2.036215740740725 0.021848020941294267 -0.069835451306666
6.056287388888888 -2.6179916666666676 0.019752957402094286 -0.069835451306666
5.995200916666666 -2.0362157407407544 0.023165073905780972 0.10839044004888954
5.969021 -0.8726638888888694 0.025854829960014324 0.09020412460444509
5.907934527777777 -2.0362157407407544 0.023615730802494343 -0.069835451306666
5.864301333333333 -1.4544398148148119 0.02095871011606103 -0.08802176675111044
5.829394777777777 -1.1635518518518555 0.02157740856748105 0.017458862826667327
5.820668138888888 -0.2908879629629565 0.023225088746747738 0.05383149371555621
5.820668138888888 0.0 0.023154162116514426 -0.0007274526177771161
5.8119415 -0.2908879629629565 0.022008424243514443 -0.03710008350666601
5.8119415 0.0 0.01988389887329446 -0.069835451306666
5.820668138888888 0.2908879629629565 0.016664921039627814 -0.10620808219555487
5.855574694444444 1.1635518518518555 0.012354764279294503 -0.14258071308444376
5.925387805555555 2.327103703703711 0.00807734288676119 -0.14258071308444376
6.03883411111111 3.781543518518493 0.020321461622887876 0.39209696098222285
6.1610070555555545 4.0724314814814795 0.029836541863421228 0.31935169920444506
6.213366888888888 1.745327777777798 0.02401946700536125 -0.17895334397333268
6.248273444444444 1.1635518518518555 0.014829558084974603 -0.3026202889955548
6.326813194444444 2.6179916666666676 0.015641395206414624 0.017458862826667327
6.457712777777777 4.363319444444436 0.020548426839634645 0.159312123293334
6.571159083333333 3.781543518518523 0.023192353378948 0.09020412460444509
6.675878749999999 3.490655555555537 0.019829339926961353 -0.10620808219555487
6.780598416666666 3.4906555555555663 0.015519183166628042 -0.14258071308444376
6.928951277777777 4.945095370370378 0.01899677040591473 0.10839044004888954
7.094757416666666 5.526871296296291 0.02438392076686808 0.17749843873777843
7.251836916666666 5.235983333333335 0.02532560818058143 0.03564517827111177
7.408916416666666 5.235983333333335 0.02414713493978145 -0.03710008350666601
7.565995916666666 5.235983333333335 0.02415804672904814 -0.0007274526177771161
7.731802055555555 5.526871296296291 0.026384051739448158 0.07201780916000065
7.915061472222221 6.108647222222205 0.02742067171978151 0.03564517827111177
8.098320888888889 6.108647222222263 0.025792632761194863 -0.05164913586222155
8.290306944444444 6.399535185185161 0.02581663869758155 -0.0007274526177771161
8.499746277777778 6.981311111111133 0.029616123720234904 0.1229394924044451
8.726638888888887 7.563087037036986 0.03173082848011492 0.07201780916000065
8.927351583333332 6.690423148148147 0.033329405607681606 0.05383149371555621
9.145517555555555 7.272199074074119 0.03325847897744829 -0.0007274526177771161
9.354956888888887 6.981311111111074 0.03211274110444831 -0.03710008350666601
9.590576138888888 7.853975000000032 0.03437148148264833 0.07201780916000065
9.826195388888888 7.853974999999973 0.03765593005191502 0.10839044004888954
10.070541277777776 8.144862962962959 0.040907643253381705 0.10839044004888954
10.27998061111111 6.981311111111133 0.04134957071868173 0.017458862826667327
10.506873222222222 7.563087037037046 0.04243529375071508 0.03564517827111177
10.707585916666666 6.690423148148147 0.041818777657148434 -0.01891376806222156
10.934478527777777 7.563087037037046 0.04237527890974845 0.017458862826667327
11.14391786111111 6.981311111111074 0.04346100194178181 0.03564517827111177
11.370810472222221 7.563087037037046 0.04453035728991517 0.03564517827111177
11.588976444444443 7.272199074074059 0.04728558407974852 0.09020412460444509
11.815869055555554 7.563087037037046 0.046619964934481874 -0.01891376806222156
12.025308388888888 6.981311111111133 0.04717646618708189 0.017458862826667327
12.24347436111111 7.272199074074059 0.048262189219115244 0.03564517827111177
12.461640333333332 7.272199074074059 0.051017416008948595 0.09020412460444509
12.688532944444443 7.563087037037046 0.05259962545261528 0.05383149371555621
12.889245638888887 6.690423148148147 0.05421457026408197 0.05383149371555621
13.089958333333332 6.690423148148147 0.055267557928315315 0.03564517827111177
13.281944388888887 6.399535185185161 0.05577495612921533 0.017458862826667327
13.465203805555554 6.108647222222234 0.056298722014015354 0.017458862826667327
13.64846322222222 6.108647222222234 0.056822487898815374 0.017458862826667327
13.822995999999998 5.8177592592592475 0.05566038234191539 -0.03710008350666601
13.997528777777775 5.8177592592592475 0.056233251278415414 0.017458862826667327
14.189514833333332 6.39953518518522 0.06001636861716877 0.1229394924044451
14.35532097222222 5.526871296296262 0.06213107337704879 0.07201780916000065
14.51240047222222 5.235983333333335 0.059908341903428815 -0.069835451306666
14.660753333333332 4.945095370370408 0.05781327836422884 -0.069835451306666
14.82655947222222 5.526871296296262 0.05897756627898219 0.03564517827111177
14.98363897222222 5.235983333333335 0.06499214452276887 0.19568475418222286
15.14071847222222 5.235983333333335 0.06760333569428222 0.09020412460444509
15.254164777777776 3.781543518518523 0.06536423653676224 -0.069835451306666
15.358884444444442 3.490655555555537 0.0621452587030956 -0.10620808219555487
15.472330749999998 3.781543518518523 0.06390423913288228 0.05383149371555621
15.585777055555553 3.781543518518523 0.06720505538604896 0.10839044004888954
15.690496722222221 3.490655555555596 0.06820893999858231 0.03564517827111177
15.760309833333332 2.327103703703711 0.065456986745529 -0.08802176675111044
15.830122944444442 2.327103703703652 0.06394024803746236 -0.05164913586222155
15.899936055555553 2.327103703703711 0.0650881682683157 0.03564517827111177
15.969749166666665 2.327103703703711 0.06728143791091573 0.07201780916000065
16.030835638888888 2.036215740740784 0.06775610074401575 0.017458862826667327
16.065742194444443 1.163551851851826 0.06659399518711577 -0.03710008350666601
16.100648749999998 1.163551851851826 0.06548099268191579 -0.03710008350666601
16.118102027777777 0.5817759259259722 0.06605386161841581 0.017458862826667327
16.15300858333333 1.163551851851826 0.06713958465044916 0.03564517827111177
16.16173522222222 0.29088796296292685 0.06764698285134918 0.017458862826667327
16.17046186111111 0.2908879629630453 0.06760879158891588 -0.0007274526177771161
16.16173522222222 -0.2908879629630453 0.06871088230484923 0.03564517827111177
16.15300858333333 -0.29088796296292685 0.07090415194744926 0.07201780916000065
16.135555305555553 -0.5817759259259722 0.07418860051671594 0.10839044004888954
16.09192211111111 -1.4544398148147528 0.07901379373043597 0.159312123293334
16.01338236111111 -2.617991666666697 0.077724020239116 -0.03710008350666601
15.899936055555553 -3.781543518518523 0.06953035767877602 -0.266247658106666
15.803943027777777 -3.1997675925925506 0.06424032224229605 -0.17895334397333268
15.751583194444443 -1.745327777777798 0.06876216771440273 0.14112580784888956
15.707949999999999 -1.4544398148148119 0.07468181339156942 0.19568475418222286
15.629410249999998 -2.617991666666697 0.07560713312138277 0.03564517827111177
15.524690583333332 -3.490655555555537 0.07173126557386279 -0.12439439763999934
15.411244277777776 -3.781543518518523 0.07125878509861615 -0.01891376806222156
15.289071333333332 -4.07243148148145 0.07293920064568284 0.05383149371555621
15.158171749999998 -4.363319444444495 0.07230631686821619 -0.01891376806222156
15.009818888888887 -4.945095370370349 0.06679368093069621 -0.17895334397333268
14.861466027777777 -4.945095370370349 0.06367290920042956 -0.10620808219555487
14.739293083333331 -4.072431481481509 0.06655580392468291 0.09020412460444509
14.608393499999998 -4.363319444444436 0.06757605622111626 0.03564517827111177
14.451313999999998 -5.235983333333335 0.06752149727478295 -0.0007274526177771161
14.28550786111111 -5.526871296296262 0.06480227938952964 -0.08802176675111044
14.110975083333331 -5.817759259259307 0.06216162638699632 -0.08802176675111044
13.936442305555554 -5.8177592592592475 0.060082930531696346 -0.069835451306666
13.770636166666666 -5.526871296296262 0.05742590984526303 -0.08802176675111044
13.613556666666666 -5.235983333333335 0.05973047973838305 0.07201780916000065
13.473930444444443 -4.654207407407422 0.061329056865949735 0.05383149371555621
13.290671027777776 -6.108647222222234 0.06125813023571642 -0.0007274526177771161
13.10741161111111 -6.108647222222234 0.05741499805599644 -0.12439439763999934
12.915425555555554 -6.399535185185161 0.05536903756849646 -0.069835451306666
12.749619416666665 -5.526871296296321 0.05709528263048315 0.05383149371555621
12.56636 -6.108647222222174 0.05758631314748317 0.017458862826667327
12.374373944444443 -6.39953518518522 0.05698616473781653 -0.01891376806222156
12.173661249999999 -6.690423148148147 0.05372135738922988 -0.10620808219555487
11.972948555555554 -6.690423148148147 0.0516590292178299 -0.069835451306666
11.789689138888887 -6.108647222222234 0.05169940283811659 -0.0007274526177771161
11.580249805555555 -6.981311111111074 0.05111562211234994 -0.01891376806222156
11.396990388888888 -6.108647222222234 0.048412771910996626 -0.08802176675111044
11.196277694444444 -6.690423148148147 0.045210161761229974 -0.10620808219555487
11.030471555555554 -5.526871296296321 0.045845227896549996 0.017458862826667327
10.864665416666666 -5.526871296296262 0.04636899378135002 0.017458862826667327
10.698859277777776 -5.526871296296321 0.045206888224450036 -0.03710008350666601
10.533053138888889 -5.526871296296262 0.046341714308183395 0.03564517827111177
10.35852036111111 -5.817759259259307 0.04684911250908341 0.017458862826667327
10.192714222222222 -5.526871296296262 0.04355156979269677 -0.10620808219555487
10.009454805555555 -6.108647222222234 0.04148924162129679 -0.069835451306666
9.852375305555555 -5.235983333333335 0.04265352953605014 0.03564517827111177
9.695295805555554 -5.235983333333335 0.041475056295250154 -0.03710008350666601
9.538216305555554 -5.235983333333335 0.03878857377779684 -0.08802176675111044
9.398590083333332 -4.654207407407422 0.03940727222921686 0.017458862826667327
9.258963861111111 -4.6542074074073625 0.03993103811401688 0.017458862826667327
9.128064277777776 -4.363319444444495 0.04101676114605023 0.03564517827111177
8.979711416666666 -4.945095370370349 0.03826480789299692 -0.08802176675111044
8.831358555555555 -4.945095370370349 0.03618611203769694 -0.069835451306666
8.700458972222222 -4.363319444444436 0.03510257136351696 -0.03710008350666601
8.578286027777777 -4.072431481481509 0.03567544030001698 0.017458862826667327
8.464839722222221 -3.781543518518523 0.03406376902533033 -0.05164913586222155
8.351393416666665 -3.781543518518523 0.03139038065499702 -0.08802176675111044
8.255400388888887 -3.19976759259261 0.03200907910641704 0.017458862826667327
8.176860638888888 -2.617991666666638 0.03421871643291706 0.07201780916000065
8.098320888888889 -2.617991666666638 0.03356946497155042 -0.01891376806222156
8.011054499999998 -2.9088796296296833 0.03142857191743044 -0.069835451306666
7.949968027777777 -2.036215740740725 0.03090698839048379 -0.01891376806222156
7.888881555555555 -2.036215740740725 0.03314936108478381 0.07201780916000065
7.845248361111111 -1.4544398148148119 0.032500109623417164 -0.01891376806222156
7.784161888888888 -2.0362157407407544 0.03092117371653052 -0.05164913586222155
7.757981972222221 -0.872663888888899 0.030945179652917206 -0.0007274526177771161
7.723075416666666 -1.163551851851826 0.03204727036885056 0.03564517827111177
7.696895499999999 -0.872663888888899 0.031992711422517243 -0.0007274526177771161
7.679442222222221 -0.5817759259259425 0.03084697354951726 -0.03710008350666601
7.670715583333332 -0.2908879629629565 0.030295928191550612 -0.01891376806222156
7.661988944444444 -0.2908879629629565 0.030852429444150634 0.017458862826667327
7.670715583333332 0.2908879629629565 0.030814238181717322 -0.0007274526177771161
7.670715583333332 0.0 0.02966850030871734 -0.03710008350666601
7.670715583333332 0.0 0.02754397493849736 -0.069835451306666
7.6881688611111105 0.5817759259259425 0.02432499710483071 -0.10620808219555487
7.723075416666666 1.1635518518518555 0.0200148403444974 -0.14258071308444376
7.792888527777777 2.3271037037036812 0.018996770405917417 -0.03710008350666601
7.906334833333332 3.781543518518523 0.029460085133724105 0.33753801464888955
8.011054499999998 3.490655555555537 0.036326874119237455 0.23205738507111176
8.054687694444443 1.4544398148148119 0.031150321291130812 -0.16076702852888822
8.08959425 1.163551851851885 0.0268892675824975 -0.14258071308444376
8.168133999999998 2.617991666666638 0.029242940527317518 0.07201780916000065
8.24667375 2.617991666666697 0.029717603360417538 0.017458862826667327
8.325213499999998 2.617991666666638 0.029679412097984227 -0.0007274526177771161
8.40375325 2.617991666666697 0.028533674224984245 -0.03710008350666601
8.499746277777778 3.19976759259261 0.029106543161484266 0.017458862826667327
8.604465944444444 3.490655555555537 0.029068351899050954 -0.0007274526177771161
8.71791225 3.781543518518523 0.029046528320517642 -0.0007274526177771161
8.840085194444443 4.07243148148145 0.03127253333091766 0.07201780916000065
8.962258138888888 4.072431481481509 0.035006547617971014 0.1229394924044451
9.084431083333332 4.07243148148145 0.034873423788917696 -0.0007274526177771161
9.197877388888887 3.781543518518523 0.032154205903664385 -0.08802176675111044
9.32877697222222 4.363319444444436 0.03164899006061774 -0.01891376806222156
9.477129833333333 4.945095370370408 0.03501527704938443 0.10839044004888954
9.616756055555555 4.654207407407422 0.03770503310361778 0.09020412460444509
9.747655638888888 4.363319444444436 0.036027891093331134 -0.05164913586222155
9.88728186111111 4.6542074074073625 0.034927982735251155 -0.03710008350666601
10.035634722222222 4.945095370370408 0.03718672311345118 0.07201780916000065
10.183987583333332 4.945095370370349 0.04148269454773787 0.14112580784888956
10.314887166666665 4.363319444444436 0.04245711732925122 0.03564517827111177
10.43706011111111 4.072431481481509 0.03914320692896457 -0.10620808219555487
10.567959694444443 4.363319444444436 0.03708087875756459 -0.069835451306666
10.707585916666666 4.654207407407422 0.03993103811401794 0.09020412460444509
10.873392055555554 5.526871296296262 0.043648684717171295 0.1229394924044451
11.013018277777777 4.654207407407422 0.044077518035351315 0.017458862826667327
11.14391786111111 4.363319444444436 0.044039326772918 -0.0007274526177771161
11.274817444444443 4.363319444444436 0.04457946034161802 0.017458862826667327
11.405717027777776 4.363319444444436 0.04510322622641804 0.017458862826667327
11.527889972222221 4.072431481481509 0.04562699211121806 0.017458862826667327
11.658789555555554 4.363319444444436 0.04558880084878474 -0.0007274526177771161
11.77223586111111 3.781543518518523 0.043993497257998095 -0.05164913586222155
11.911862083333332 4.654207407407422 0.04345554604715145 -0.01891376806222156
12.042761666666665 4.363319444444436 0.0445740044469848 0.03564517827111177
12.199841166666666 5.235983333333335 0.047891188384051486 0.10839044004888954
12.348194027777776 4.945095370370349 0.05114290158551817 0.10839044004888954
12.470366972222221 4.072431481481509 0.051584829050818196 0.017458862826667327
12.583813277777777 3.781543518518523 0.050422723493918215 -0.03710008350666601
12.697259583333333 3.781543518518523 0.0504336352831849 -0.0007274526177771161
12.819432527777776 4.07243148148145 0.05265964029358492 0.07201780916000065
12.932878833333332 3.781543518518523 0.054258217421151604 0.05383149371555621
13.02887186111111 3.19976759259261 0.05418729079091829 -0.0007274526177771161
13.10741161111111 2.617991666666638 0.05304155291791831 -0.03710008350666601
13.203404638888887 3.19976759259261 0.05249050755995167 -0.01891376806222156
13.290671027777776 2.9088796296296238 0.054170923107018355 0.05383149371555621
13.377937416666665 2.9088796296296238 0.05634782506571838 0.07201780916000065
13.447750527777776 2.327103703703711 0.0551366164571184 -0.03710008350666601
13.508836999999998 2.036215740740725 0.054585571099151756 -0.01891376806222156
13.57865011111111 2.327103703703711 0.05458011520451844 -0.0007274526177771161
13.639736583333331 2.036215740740725 0.05568220592045179 0.03564517827111177
13.700823055555555 2.036215740740784 0.055627646974118476 -0.0007274526177771161
13.753182888888887 1.7453277777777387 0.05504386624835183 -0.01891376806222156
13.80554272222222 1.745327777777798 0.055038410353718516 -0.0007274526177771161
13.857902555555555 1.745327777777798 0.05614050106965187 0.03564517827111177
13.910262388888887 1.7453277777777387 0.057209856417785226 0.03564517827111177
13.953895583333331 1.4544398148148119 0.057717254618685244 0.017458862826667327
13.980075499999998 0.872663888888899 0.057679063356251926 -0.0007274526177771161
13.997528777777775 0.581775925925913 0.05709528263048528 -0.01891376806222156
14.023708694444442 0.872663888888899 0.055965912441385296 -0.03710008350666601
14.04116197222222 0.581775925925913 0.05597682423065198 -0.0007274526177771161
14.058615249999999 0.5817759259259722 0.058202829241052 0.07201780916000065
14.067341888888887 0.29088796296292685 0.05867749207415202 0.017458862826667327
14.067341888888887 0.0 0.058639300811718705 -0.0007274526177771161
14.067341888888887 0.0 0.05861747723318539 -0.0007274526177771161
14.067341888888887 0.0 0.059719567949118736 0.03564517827111177
14.067341888888887 0.0 0.061350880444485424 0.05383149371555621
14.04988861111111 -0.581775925925913 0.06408973955041879 0.09020412460444509
14.023708694444442 -0.872663888888899 0.06735782043578546 0.10839044004888954
13.97134886111111 -1.7453277777777387 0.07105909935503882 0.1229394924044451
13.866629194444442 -3.490655555555596 0.06002400686965884 -0.3535419722399993
13.770636166666666 -3.1997675925925506 0.053801013450878864 -0.21168871177333265
13.73572961111111 -1.163551851851885 0.054531012152818886 0.017458862826667327
13.709549694444442 -0.872663888888899 0.059438043786038904 0.159312123293334
13.683369777777777 -0.8726638888888398 0.0636554503376056 0.14112580784888956
13.631009944444443 -1.745327777777798 0.06193247881239895 -0.05164913586222155
13.561196833333332 -2.327103703703711 0.05925909044206564 -0.08802176675111044
13.50011036111111 -2.036215740740725 0.060439746040719 0.03564517827111177
13.439023888888887 -2.036215740740784 0.06263301568331903 0.07201780916000065
13.360484138888888 -2.617991666666638 0.060972241356932376 -0.05164913586222155
13.273217749999999 -2.9088796296296238 0.057736895839365726 -0.10620808219555487
13.194677999999998 -2.617991666666697 0.05623652481519908 -0.05164913586222155
13.124864888888887 -2.327103703703711 0.05738444504605243 0.03564517827111177
13.063778416666665 -2.036215740740725 0.05957771468865245 0.07201780916000065
12.985238666666666 -2.617991666666638 0.0579169403622658 -0.05164913586222155
12.889245638888887 -3.19976759259261 0.05737898915141915 -0.01891376806222156
12.810705888888888 -2.617991666666638 0.05962136184571917 0.07201780916000065
12.71471286111111 -3.19976759259261 0.0573986303720992 -0.069835451306666
