0.0 0.0 -0.0005844354331226462 -0.01891376806222156
0.0 0.0 0.0005340229667107068 0.03564517827111177
0.0 0.0 0.0016033783148440598 0.03564517827111177
0.0 0.0 0.0026727336629774126 0.03564517827111177
0.0 0.0 0.0037420890111107656 0.03564517827111177
0.0 0.0 0.004811444359244119 0.03564517827111177
0.0 0.0 0.005880799707377472 0.03564517827111177
-0.017453277777777776 -0.5817759259259259 0.006950155055510825 0.03564517827111177
-0.03490655555555555 -0.5817759259259259 0.008581467550877511 0.05383149371555621
-0.0698131111111111 -1.1635518518518517 0.009634455215110863 0.03564517827111177
-0.12217294444444443 -1.7453277777777776 0.00025140762470421835 -0.3026202889955548
-0.17453277777777776 -1.7453277777777776 -0.0006226266955557619 -0.03710008350666601
-0.17453277777777776 0.0 -0.0011736720535224087 -0.01891376806222156
-0.18325941666666665 -0.29088796296296293 -0.0011791279481557222 -0.0007274526177771161
-0.18325941666666665 0.0 -0.0027744315389423685 -0.05164913586222155
-0.16580613888888887 0.5817759259259259 -0.004885862762042348 -0.069835451306666
-0.1483528611111111 0.5817759259259259 -0.006980926301242328 -0.069835451306666
-0.11344630555555554 1.1635518518518517 -0.008064466975422308 -0.03710008350666601
-0.05235983333333333 2.0362157407407406 0.0007129763106843779 0.2829790683155562
0.0 1.7453277777777776 0.0026836454522443974 0.07201780916000065
0.0 0.0 0.002596351138111084 -0.0007274526177771161
-0.008726638888888888 -0.29088796296296293 0.002012570412344437 -0.01891376806222156
-0.008726638888888888 0.0 0.00144515737047779 -0.01891376806222156
-0.017453277777777776 -0.29088796296296293 0.0003157871813778098 -0.03710008350666601
-0.017453277777777776 0.0 -0.0018087381888421703 -0.069835451306666
-0.008726638888888888 0.29088796296296293 -0.005027716022508817 -0.10620808219555487
0.008726638888888888 0.5817759259259259 -0.0043926498871887975 0.017458862826667327
0.04363319444444444 1.1635518518518517 -0.00712823545634211 -0.08802176675111044
0.08726638888888888 1.4544398148148148 -0.007633451299388756 -0.01891376806222156
0.1396262222222222 1.7453277777777776 -0.00763890719402207 -0.0007274526177771161
0.2181659722222222 2.6179916666666663 -0.00709877362532205 0.017458862826667327
0.2967057222222222 2.6179916666666663 -0.005451093446055363 0.05383149371555621
0.38397211111111107 2.9088796296296295 -0.002150277192888677 0.10839044004888954
0.47123849999999995 2.9088796296296295 0.0026749160208313426 0.159312123293334
0.5235983333333333 1.7453277777777776 0.0030710139712113627 0.017458862826667327
0.5585048888888888 1.1635518518518517 0.0019089084143113823 -0.03710008350666601
0.5934114444444444 1.1635518518518517 0.00034634019132473583 -0.05164913586222155
0.6283179999999999 1.1635518518518517 -0.0017650910317752442 -0.069835451306666
0.6719511944444444 1.4544398148148157 -0.00329819742374189 -0.05164913586222155
0.7330376666666666 2.0362157407407397 -0.0038361486345885373 -0.01891376806222156
0.8115774166666666 2.6179916666666676 -0.0032796473819885178 0.017458862826667327
0.8901171666666665 2.6179916666666636 -0.0010700100554884983 0.07201780916000065
0.9773835555555554 2.9088796296296313 -0.0038546986763418117 -0.08802176675111044
1.0646499444444444 2.9088796296296313 -0.0026740430776884586 0.03564517827111177
1.1868228888888888 4.0724314814814795 -0.002728602024021772 -0.0007274526177771161
1.3002691944444442 3.7815435185185153 -0.0016265113080884191 0.03564517827111177
1.4398954166666664 4.654207407407407 -0.0005571559599550661 0.03564517827111177
1.562068361111111 4.072431481481487 0.0016361136826449534 0.07201780916000065
1.7016945833333332 4.654207407407407 0.00154881936851164 -0.0007274526177771161
1.8413208055555554 4.654207407407407 0.00208895293721166 0.017458862826667327
1.9809470277777776 4.654207407407407 0.00261271882201168 0.017458862826667327
2.1467531666666666 5.5268712962962985 0.004260399001278367 0.05383149371555621
2.286379388888889 4.654207407407407 0.004751429518278386 0.017458862826667327
2.4521855277777775 5.526871296296291 0.005275195403078406 0.017458862826667327
2.635444944444444 6.108647222222219 0.0069228755823450925 0.05383149371555621
2.792524444444444 5.235983333333335 0.010223691835511778 0.10839044004888954
2.9932371388888885 6.690423148148147 0.009541705006345132 -0.01891376806222156
3.097956805555555 3.4906555555555516 0.007400811952225152 -0.069835451306666
3.272489583333333 5.817759259259263 0.00968901416144517 0.07201780916000065
3.4382957222222217 5.526871296296291 0.01184954843624519 0.07201780916000065
3.604101861111111 5.5268712962963065 0.012886168416578544 0.03564517827111177
3.761181361111111 5.235983333333335 0.015079438059178564 0.07201780916000065
3.9182608611111105 5.23598333333332 0.016116058039511914 0.03564517827111177
4.066613722222222 4.945095370370378 0.0194332419765786 0.10839044004888954
4.197513305555555 4.363319444444436 0.023134520895831952 0.1229394924044451
4.319686249999999 4.0724314814814795 0.018056174171125306 -0.16076702852888822
4.424405916666666 3.4906555555555663 0.020988171947078662 0.09020412460444509
4.546578861111111 4.0724314814814795 0.015377329906158681 -0.17895334397333268
4.668751805555555 4.0724314814814795 0.0369826726541587 0.6939897973600005
4.756018194444444 2.9088796296296238 0.05611649513325872 0.6394308510266673
4.686205083333332 -2.327103703703711 0.03910938038223208 -0.5317678635955548
4.555305499999999 -4.363319444444436 -0.008200864341254561 -1.5465642653955547
4.537852222222222 -0.581775925925913 -0.0414479950578612 -1.1210044839955549
4.694931722222222 5.235983333333335 -0.036640260706967846 0.1229394924044451
4.982910805555555 9.59930277777777 -0.013171184352221161 0.7630977960488895
5.297069805555555 10.47196666666667 0.03613373544921219 1.6178546219377783
5.506509138888888 6.981311111111103 0.0648884825247322 0.9776963182933339
5.515235777777777 0.2908879629629565 0.07275260904921889 0.2829790683155562
5.3668829166666665 -4.945095370370349 0.06753022670619224 -0.16076702852888822
5.122537027777777 -8.14486296296299 0.049557418605065594 -0.5863268099288882
4.852011222222222 -9.017526851851828 0.03859870864455228 -0.37172828768444377
4.616391972222222 -7.853975000000002 0.039472742964812305 0.017458862826667327
4.337139527777778 -9.308414814814814 0.04280629458577899 0.10839044004888954
4.0229805277777775 -10.47196666666667 0.03998887059712568 -0.08802176675111044
3.639008416666666 -12.79907037037038 0.03510038900565903 -0.16076702852888822
3.2201297499999995 -13.96262222222222 0.025894112401372387 -0.3026202889955548
2.801251083333333 -13.96262222222222 0.014680066572019075 -0.37172828768444377
2.382372416666666 -13.96262222222222 0.0029662607942524282 -0.3899146031288882
2.0420334999999996 -11.344630555555554 -0.007157697287360886 -0.3389929198844438
1.7278744999999998 -10.471966666666662 -0.013955742000494199 -0.2298750272177771
1.474801972222222 -8.435750925925923 -0.01815459851030751 -0.14258071308444376
1.3089958333333331 -5.5268712962962985 -0.02018419131390749 -0.069835451306666
1.1780962499999998 -4.363319444444444 -0.019019903399154138 0.03564517827111177
1.1170097777777777 -2.0362157407407397 -0.017950548051020785 0.03564517827111177
1.090829861111111 -0.8726638888888916 -0.018567064144587433 -0.01891376806222156
1.1170097777777777 0.8726638888888916 -0.014189254290800746 0.14112580784888956
1.169369611111111 1.7453277777777758 -0.013776788656520727 0.017458862826667327
1.239182722222222 2.3271037037037035 -0.004486491274880706 0.3011653837600007
1.326449111111111 2.9088796296296313 -0.0014082755227540203 0.10839044004888954
1.3788089444444442 1.7453277777777758 0.0045408319854326655 0.19568475418222286
1.4224421388888888 1.4544398148148194 0.006590066009712685 0.07201780916000065
1.4311687777777777 0.2908879629629639 0.008750600284512704 0.07201780916000065
1.4224421388888888 -0.2908879629629639 0.008101348823146058 -0.01891376806222156
1.4137155 -0.2908879629629639 0.005398498621792744 -0.08802176675111044
1.4137155 0.0 0.0027578456192594307 -0.08802176675111044
1.4224421388888888 0.2908879629629639 -0.00044476453050721547 -0.10620808219555487
1.4573486944444443 1.1635518518518482 0.002438130193746137 0.09020412460444509
1.5009818888888886 1.4544398148148119 -0.0009248832582405092 -0.10620808219555487
1.5358884444444443 1.1635518518518555 0.000834097171546177 0.05383149371555621
1.6057015555555554 2.3271037037037035 0.00020121339407953024 -0.01891376806222156
1.6667880277777776 2.0362157407407397 0.00244358608837955 0.07201780916000065
1.7191478611111108 1.7453277777777758 0.003480206068712903 0.03564517827111177
1.788960972222222 2.3271037037037035 0.0028636899751462563 -0.01891376806222156
1.8500474444444444 2.0362157407407473 0.004544105522212943 0.05383149371555621
1.9024072777777776 1.7453277777777758 0.0033492645975129625 -0.03710008350666601
1.9722203888888887 2.3271037037037035 0.0027982192395463157 -0.01891376806222156
2.0420334999999996 2.3271037037036963 0.0033547204921463357 0.017458862826667327
2.1292998888888888 2.908879629629639 0.004440443524179689 0.03564517827111177
2.207839638888889 2.6179916666666676 0.004947841725079709 0.017458862826667327
2.2951060277777775 2.9088796296296238 0.0065955219043463955 0.05383149371555621
2.3736457777777775 2.6179916666666676 0.006524595274113082 -0.0007274526177771161
2.4521855277777775 2.6179916666666676 0.007064728842813102 0.017458862826667327
2.5394519166666663 2.9088796296296238 0.008150451874846455 0.03564517827111177
2.6179916666666663 2.6179916666666676 0.008657850075746475 0.017458862826667327
2.6965314166666663 2.6179916666666676 0.009181615960546495 0.017458862826667327
2.7750711666666663 2.6179916666666676 0.00858146755087985 -0.01891376806222156
2.8536109166666663 2.6179916666666676 0.009699925950713202 0.03564517827111177
2.9321506666666663 2.6179916666666676 0.011331238446079889 0.05383149371555621
3.0106904166666664 2.6179916666666676 0.011260311815846575 -0.0007274526177771161
3.0717768888888886 2.0362157407407397 0.010676531090079927 -0.01891376806222156
3.14159 2.327103703703711 0.01179498948991328 0.03564517827111177
3.2114031111111108 2.3271037037036963 0.011178473396346634 -0.01891376806222156
3.2812162222222216 2.3271037037036963 0.012296931796179987 0.03564517827111177
3.3423026944444443 2.0362157407407544 0.01336628714431334 0.03564517827111177
3.4033891666666665 2.0362157407407397 0.016121513934146695 0.09020412460444509
3.4382957222222217 1.1635518518518406 0.016579809083346716 0.017458862826667327
3.4644756388888887 0.872663888888899 0.009460957765773404 -0.2298750272177771
3.499382194444444 1.1635518518518406 0.0069479726976600905 -0.08802176675111044
3.577921944444444 2.6179916666666676 0.016895159793153442 0.31935169920444506
3.639008416666666 2.0362157407407397 0.022092445020866793 0.17749843873777843
3.647735055555555 0.29088796296297126 0.022472175287346813 0.017458862826667327
3.6302817777777774 -0.5817759259259278 0.02086050401266017 -0.05164913586222155
3.604101861111111 -0.8726638888888842 0.020322552801813522 -0.01891376806222156
3.577921944444444 -0.872663888888899 0.017057745453226875 -0.10620808219555487
3.5517420277777774 -0.8726638888888842 0.017692811588546895 0.017458862826667327
3.5342887499999995 -0.5817759259259278 0.017654620326113583 -0.0007274526177771161
3.499382194444444 -1.1635518518518555 0.018194753894813603 0.017458862826667327
3.4732022777777773 -0.8726638888888842 0.023101785528033623 0.159312123293334
3.4208424444444443 -1.7453277777777685 0.027881149226833643 0.159312123293334
3.3161227777777773 -3.4906555555555663 0.02940116147168033 0.05383149371555621
3.1503166388888886 -5.526871296296291 0.024946969093027016 -0.14258071308444376
2.9932371388888885 -5.235983333333335 0.015724324804840373 -0.3026202889955548
2.8187043611111107 -5.817759259259263 0.003948321828253726 -0.3899146031288882
2.713984694444444 -3.4906555555555516 -0.006175636253359588 -0.3389929198844438
2.6790781388888885 -1.1635518518518555 -0.011400200954239569 -0.17895334397333268
2.731437972222222 1.7453277777777831 -0.015082929831739549 -0.12439439763999934
2.8448842777777776 3.781543518518523 -0.017128890319239528 -0.069835451306666
3.028143694444444 6.108647222222219 -0.01978591100567284 -0.08802176675111044
3.289942861111111 8.726638888888887 -0.024112435449906152 -0.14258071308444376
3.6302817777777774 11.344630555555554 -0.031087251149159466 -0.2298750272177771
4.0229805277777775 13.089958333333337 -0.04023133055462611 -0.3026202889955548
4.450585833333333 14.253510185185192 -0.05256929067844609 -0.40810091857333264
4.904371055555555 15.126174074074061 -0.06706014682457939 -0.4808461803511104
5.3668829166666665 15.417062037037049 -0.08362096939459937 -0.5499541790399993
5.846848055555555 15.998837962962961 -0.09517437187014602 -0.3899146031288882
6.3180865555555545 15.707949999999975 -0.04044847516103267 1.759707882404445
6.771871777777777 15.126174074074092 0.019985378513474008 2.0070417724488894
7.05985086111111 9.59930277777777 0.05108725146025402 1.0649906324266671
7.164570527777777 3.4906555555555663 0.06055868454372071 0.33753801464888955
7.120937333333332 -1.4544398148148416 0.06854938782370072 0.2684300159600006
6.98131111111111 -4.654207407407393 0.06502597106949408 -0.10620808219555487
6.736965222222222 -8.144862962962959 0.024525774027334104 -1.313779427706666
6.562432444444443 -5.817759259259278 -0.006683034454259201 -1.048259222217777
6.562432444444443 0.0 -0.014528610936992514 -0.28443397355111044
6.702058666666666 4.654207407407422 -0.024747501585225828 -0.3389929198844438
6.955131194444443 8.435750925925916 -0.0035600803661391474 0.6758034819155561
7.260563555555555 10.181078703703713 0.028290341324334202 1.0504415800711118
7.461276249999999 6.690423148148147 0.04215813430334089 0.4793912751155561
7.548542638888888 2.9088796296296238 0.04339007531154757 0.05383149371555621
7.574722555555555 0.872663888888899 0.04500502012301426 0.05383149371555621
7.574722555555555 0.0 0.04279865633329428 -0.069835451306666
7.539815999999999 -1.1635518518518555 0.04126554994132763 -0.05164913586222155
7.5049094444444435 -1.1635518518518555 0.039716075865460984 -0.05164913586222155
7.461276249999999 -1.4544398148148119 0.03265942174670767 -0.2298750272177771
7.4263696944444435 -1.1635518518518555 0.02902252238412769 -0.12439439763999934
7.4263696944444435 0.0 0.025852647602161043 -0.10620808219555487
7.443822972222222 0.5817759259259425 0.023790319430761063 -0.069835451306666
7.496182805555555 1.7453277777777685 0.02113329874432775 -0.08802176675111044
7.565995916666666 2.327103703703711 0.028945048680334432 0.25024370051555617
7.635809027777777 2.3271037037036812 0.030383222505681116 0.05383149371555621
7.679442222222221 1.4544398148148119 0.034695561623867804 0.14112580784888956
7.705622138888888 0.872663888888899 0.031286718656961164 -0.10620808219555487
7.714348777777777 0.2908879629629565 0.03135982764504785 -0.0007274526177771161
7.731802055555555 0.5817759259259425 0.03133800406651453 -0.0007274526177771161
7.749255333333332 0.581775925925913 0.030754223340747885 -0.01891376806222156
7.749255333333332 0.0 0.028613330286627905 -0.069835451306666
7.7667086111111105 0.5817759259259425 0.028091746759681256 -0.01891376806222156
7.784161888888888 0.581775925925913 0.02921020515951461 0.03564517827111177
7.801615166666666 0.5817759259259425 0.029155646213181296 -0.0007274526177771161
7.819068444444444 0.581775925925913 0.029133822634647984 -0.0007274526177771161
7.836521722222221 0.581775925925913 0.02911199905611467 -0.0007274526177771161
7.853974999999999 0.5817759259259425 0.02909017547758136 -0.0007274526177771161
7.862701638888888 0.2908879629629565 0.030192266193514714 0.03564517827111177
7.880154916666666 0.5817759259259425 0.029575750099948065 -0.01891376806222156
7.880154916666666 0.0 0.029570294205314752 -0.0007274526177771161
7.897608194444444 0.581775925925913 0.02842455633231477 -0.03710008350666601
7.906334833333332 0.2908879629629565 0.02955938241604812 0.03564517827111177
7.923788111111111 0.5817759259259425 0.030066780616948143 0.017458862826667327
7.923788111111111 0.0 0.030028589354514832 -0.0007274526177771161
7.932514749999999 0.2908879629629565 0.03000676577598152 -0.0007274526177771161
7.941241388888888 0.2908879629629565 0.029984942197448208 -0.0007274526177771161
7.941241388888888 0.0 0.030525075766148227 0.017458862826667327
7.941241388888888 0.0 0.030486884503714916 -0.0007274526177771161
7.941241388888888 0.0 0.030465060925181604 -0.0007274526177771161
7.941241388888888 0.0 0.031005194493881623 0.017458862826667327
7.941241388888888 0.0 0.03152896037868164 0.017458862826667327
7.941241388888888 0.0 0.032052726263481664 0.017458862826667327
7.941241388888888 0.0 0.03313844929551502 0.03564517827111177
7.932514749999999 -0.2908879629629565 0.03420780464364838 0.03564517827111177
7.923788111111111 -0.2908879629629565 0.03527715999178173 0.03564517827111177
7.906334833333332 -0.5817759259259425 0.03690847248714842 0.05383149371555621
7.880154916666666 -0.8726638888888694 0.0385234172986151 0.05383149371555621
7.836521722222221 -1.4544398148148416 0.03732857637391512 -0.03710008350666601
7.792888527777777 -1.4544398148148119 0.03127035097306181 -0.1971396594177771
7.757981972222221 -1.1635518518518555 0.031425298380648496 -0.0007274526177771161
7.749255333333332 -0.2908879629629565 0.03308934624381518 0.05383149371555621
7.749255333333332 0.0 0.03414233390804853 0.03564517827111177
7.731802055555555 -0.581775925925913 0.03577364640341522 0.05383149371555621
7.723075416666666 -0.2908879629629565 0.03457880547871524 -0.03710008350666601
7.705622138888888 -0.5817759259259425 0.03571363156244859 0.03564517827111177
7.696895499999999 -0.2908879629629565 0.03622102976334861 0.017458862826667327
7.670715583333332 -0.872663888888899 0.035620881353681966 -0.01891376806222156
7.653262305555555 -0.581775925925913 0.03505346831181532 -0.01891376806222156
7.635809027777777 -0.5817759259259425 0.03392409812271534 -0.03710008350666601
7.618355749999999 -0.581775925925913 0.03449696705921536 0.017458862826667327
7.6096291111111105 -0.2908879629629565 0.03445877579678204 -0.0007274526177771161
7.600902472222222 -0.2908879629629565 0.03387499507101539 -0.01891376806222156
7.592175833333332 -0.2908879629629861 0.03443149632361541 0.017458862826667327
7.5834491944444435 -0.2908879629629565 0.03383134791394877 -0.01891376806222156
7.5834491944444435 0.0 0.033825892019315455 -0.0007274526177771161
7.574722555555555 -0.2908879629629565 0.03380406844078214 -0.0007274526177771161
7.574722555555555 0.0 0.033782244862248824 -0.0007274526177771161
7.574722555555555 0.0 0.03376042128371551 -0.0007274526177771161
7.574722555555555 0.0 0.03317664055794886 -0.01891376806222156
7.574722555555555 0.0 0.032609227516082216 -0.01891376806222156
7.592175833333332 0.581775925925913 0.03204181447421557 -0.01891376806222156
7.592175833333332 0.0 0.03091244428511559 -0.03710008350666601
7.592175833333332 0.0 0.02979944177991561 -0.03710008350666601
7.600902472222222 0.2908879629629861 0.02868643927471563 -0.03710008350666601
7.618355749999999 0.581775925925913 0.027123871051728986 -0.05164913586222155
7.644535666666666 0.872663888888899 0.02557439697586234 -0.05164913586222155
7.6881688611111105 1.4544398148148119 0.027284274353949027 0.05383149371555621
7.740528694444444 1.7453277777777685 0.03384444206106905 0.2138710696266673
7.775435249999999 1.1635518518518555 0.03419143695974907 0.017458862826667327
7.775435249999999 0.0 0.03257976568506242 -0.05164913586222155
7.775435249999999 0.0 0.029906377314729105 -0.08802176675111044
7.775435249999999 0.0 0.02838963860666246 -0.05164913586222155
7.792888527777777 0.581775925925913 0.02897560169028248 0.017458862826667327
7.810341805555555 0.5817759259259425 0.0294993675750825 0.017458862826667327
7.819068444444444 0.2908879629629565 0.02946117631264919 -0.0007274526177771161
7.836521722222221 0.581775925925913 0.029439352734115878 -0.0007274526177771161
7.836521722222221 0.0 0.02885557200834923 -0.01891376806222156
7.853974999999999 0.5817759259259425 0.028288158966482582 -0.01891376806222156
7.862701638888888 0.2908879629629565 0.029406617366315935 0.03564517827111177
7.880154916666666 0.5817759259259425 0.028790101272749287 -0.01891376806222156
7.888881555555555 0.2908879629629565 0.02990855967258264 0.03564517827111177
7.897608194444444 0.2908879629629565 0.02873008643178266 -0.03710008350666601
7.897608194444444 0.0 0.02930295536828268 0.017458862826667327
7.915061472222221 0.581775925925913 0.02926476410584937 -0.0007274526177771161
7.915061472222221 0.0 0.029242940527316057 -0.0007274526177771161
7.915061472222221 0.0 0.02865915980154941 -0.01891376806222156
7.923788111111111 0.2908879629629861 0.028653703906916097 -0.0007274526177771161
7.923788111111111 0.0 0.029193837475616116 0.017458862826667327
7.932514749999999 0.2908879629629565 0.028593689065949467 -0.01891376806222156
7.932514749999999 0.0 0.028588233171316153 -0.0007274526177771161
7.941241388888888 0.2908879629629565 0.029128366740016173 0.017458862826667327
7.949968027777777 0.2908879629629565 0.029652132624816193 0.017458862826667327
7.949968027777777 0.0 0.030175898509616213 0.017458862826667327
7.949968027777777 0.0 0.030137707247182902 -0.0007274526177771161
7.949968027777777 0.0 0.03011588366864959 -0.0007274526177771161
7.949968027777777 0.0 0.03065601723734961 0.017458862826667327
7.949968027777777 0.0 0.0306178259749163 -0.0007274526177771161
7.949968027777777 0.0 0.031157959543616318 0.017458862826667327
7.949968027777777 0.0 0.03168172542841634 0.017458862826667327
7.949968027777777 0.0 0.03220549131321636 0.017458862826667327
7.949968027777777 0.0 0.03272925719801638 0.017458862826667327
7.949968027777777 0.0 0.0332530230828164 0.017458862826667327
7.949968027777777 0.0 0.03377678896761642 0.017458862826667327
7.949968027777777 0.0 0.03486251199964977 0.03564517827111177
7.941241388888888 -0.2908879629629565 0.03593186734778313 0.03564517827111177
7.923788111111111 -0.581775925925913 0.03700122269591648 0.03564517827111177
7.906334833333332 -0.5817759259259425 0.03807057804404983 0.03564517827111177
7.862701638888888 -1.4544398148148119 0.038016019097716514 -0.0007274526177771161
7.819068444444444 -1.4544398148148119 0.0352968012124632 -0.08802176675111044
7.775435249999999 -1.4544398148148119 0.03209419106269656 -0.10620808219555487
7.749255333333332 -0.872663888888899 0.030593820038529913 -0.05164913586222155
7.740528694444444 -0.2908879629629565 0.03117978312214993 0.017458862826667327
7.740528694444444 0.0 0.032265506154183284 0.03564517827111177
7.740528694444444 0.0 0.0327729043550833 0.017458862826667327
7.740528694444444 0.0 0.032734713092649984 -0.0007274526177771161
7.740528694444444 0.0 0.032150932366883336 -0.01891376806222156
7.740528694444444 0.0 0.03158351932501669 -0.01891376806222156
7.740528694444444 0.0 0.031016106283150043 -0.01891376806222156
7.740528694444444 0.0 0.030448693241283395 -0.01891376806222156
7.740528694444444 0.0 0.029881280199416747 -0.01891376806222156
7.740528694444444 0.0 0.0293138671575501 -0.01891376806222156
7.749255333333332 0.2908879629629565 0.02818449696845012 -0.03710008350666601
7.7667086111111105 0.5817759259259425 0.026621928745463475 -0.05164913586222155
7.792888527777777 0.8726638888888694 0.02507245466959683 -0.05164913586222155
7.836521722222221 1.4544398148148119 0.02565841775321685 0.017458862826667327
7.897608194444444 2.0362157407407544 0.0328132779753702 0.23205738507111176
7.941241388888888 1.4544398148148119 0.032581948042916885 -0.0007274526177771161
7.958694666666666 0.5817759259259425 0.031436210169916906 -0.03710008350666601
7.967421305555555 0.2908879629629565 0.03200907910641693 0.017458862826667327
7.976147944444444 0.2908879629629565 0.030846973549516946 -0.03710008350666601
7.984874583333332 0.2908879629629565 0.030295928191550296 -0.01891376806222156
7.984874583333332 0.0 0.029728515149683648 -0.01891376806222156
8.00232786111111 0.5817759259259425 0.028599144960583668 -0.03710008350666601
8.019781138888888 0.581775925925913 0.02973397104431702 0.03564517827111177
8.037234416666665 0.581775925925913 0.029679412097983707 -0.0007274526177771161
8.054687694444443 0.581775925925913 0.030219545666683726 0.017458862826667327
8.063414333333332 0.2908879629629861 0.030743311551483746 0.017458862826667327
8.072140972222222 0.2908879629629861 0.029581205994583765 -0.03710008350666601
8.08086761111111 0.29088796296292685 0.029030160636617116 -0.01891376806222156
8.098320888888889 0.5817759259259722 0.029586661889217138 0.017458862826667327
8.115774166666666 0.581775925925913 0.03067238492125049 0.03564517827111177
8.133227444444444 0.581775925925913 0.030617825974917176 -0.0007274526177771161
8.133227444444444 0.0 0.031157959543617195 0.017458862826667327
8.150680722222221 0.581775925925913 0.030557811133950546 -0.01891376806222156
8.150680722222221 0.0 0.030552355239317232 -0.0007274526177771161
8.150680722222221 0.0 0.029968574513550585 -0.01891376806222156
8.168133999999998 0.581775925925913 0.029963118618917272 -0.0007274526177771161
8.168133999999998 0.0 0.031065209334850626 0.03564517827111177
8.176860638888888 0.2908879629629861 0.030448693241283978 -0.01891376806222156
8.185587277777778 0.2908879629629861 0.031005194493884 0.017458862826667327
8.194313916666665 0.29088796296292685 0.031528960378684016 0.017458862826667327
8.194313916666665 0.0 0.0314907691162507 -0.0007274526177771161
8.194313916666665 0.0 0.03146894553771738 -0.0007274526177771161
8.194313916666665 0.0 0.03144712195918407 -0.0007274526177771161
8.194313916666665 0.0 0.03198725552788409 0.017458862826667327
8.185587277777778 -0.29088796296292685 0.03251102141268411 0.017458862826667327
8.185587277777778 0.0 0.03303478729748413 0.017458862826667327
8.185587277777778 0.0 0.03355855318228415 0.017458862826667327
8.185587277777778 0.0 0.0346442762143175 0.03564517827111177
8.185587277777778 0.0 0.03571363156245086 0.03564517827111177
8.185587277777778 0.0 0.03678298691058421 0.03564517827111177
8.168133999999998 -0.5817759259259722 0.03785234225871756 0.03564517827111177
8.150680722222221 -0.581775925925913 0.03892169760685091 0.03564517827111177
8.107047527777777 -1.4544398148148119 0.03999105295498426 0.03564517827111177
8.063414333333332 -1.4544398148148119 0.03555322826023094 -0.14258071308444376
8.011054499999998 -1.745327777777798 0.033523635456630965 -0.069835451306666
7.984874583333332 -0.8726638888888694 0.030866614770197653 -0.08802176675111044
7.984874583333332 0.0 0.03317118466331767 0.07201780916000065
7.984874583333332 0.0 0.03420780464365102 0.03564517827111177
7.976147944444444 -0.2908879629629565 0.03359128855008438 -0.01891376806222156
7.976147944444444 0.0 0.03302387550821773 -0.01891376806222156
7.976147944444444 0.0 0.03245646246635109 -0.01891376806222156
7.984874583333332 0.2908879629629565 0.03188904942448444 -0.01891376806222156
7.984874583333332 0.0 0.0313216363826178 -0.01891376806222156
7.984874583333332 0.0 0.03075422334075115 -0.01891376806222156
8.00232786111111 0.5817759259259425 0.02962485315165117 -0.03710008350666601
8.019781138888888 0.581775925925913 0.02851185064645119 -0.03710008350666601
8.054687694444443 1.163551851851826 0.02739884814125121 -0.03710008350666601
8.08959425 1.163551851851885 0.029095631372217896 0.05383149371555621
8.141954083333333 1.745327777777798 0.03284601334317125 0.1229394924044451
8.176860638888888 1.163551851851826 0.0355226752502846 0.09020412460444509
8.176860638888888 0.0 0.033845533239997956 -0.05164913586222155
8.176860638888888 0.0 0.03229605916413131 -0.05164913586222155
8.176860638888888 0.0 0.030746585088264663 -0.05164913586222155
8.185587277777778 0.2908879629629861 0.02964667673018468 -0.03710008350666601
8.194313916666665 0.29088796296292685 0.0302195456666847 0.017458862826667327
8.211767194444443 0.581775925925913 0.02961939725701805 -0.01891376806222156
8.229220472222222 0.5817759259259722 0.030737855656851405 0.03564517827111177
8.24667375 0.581775925925913 0.031245253857751423 0.017458862826667327
8.24667375 0.0 0.03120706259531811 -0.0007274526177771161
8.264127027777777 0.581775925925913 0.030623281869551464 -0.01891376806222156
8.272853666666666 0.2908879629629861 0.031179783122151486 0.017458862826667327
8.281580305555554 0.29088796296292685 0.031141591859718175 -0.0007274526177771161
8.290306944444444 0.2908879629629861 0.031119768281184863 -0.0007274526177771161
8.290306944444444 0.0 0.03109794470265155 -0.0007274526177771161
8.299033583333333 0.2908879629629861 0.030514163976884903 -0.01891376806222156
8.299033583333333 0.0 0.029384793787784923 -0.03710008350666601
8.307760222222221 0.29088796296292685 0.029957662724284944 0.017458862826667327
8.31648686111111 0.2908879629629861 0.031043385756318296 0.03564517827111177
8.325213499999998 0.29088796296292685 0.03211274110445165 0.03564517827111177
8.325213499999998 0.0 0.032058182158118335 -0.0007274526177771161
8.325213499999998 0.0 0.03203635857958502 -0.0007274526177771161
8.325213499999998 0.0 0.032014535001051704 -0.0007274526177771161
8.325213499999998 0.0 0.03199271142251839 -0.0007274526177771161
8.325213499999998 0.0 0.03197088784398507 -0.0007274526177771161
8.325213499999998 0.0 0.03194906426545176 -0.0007274526177771161
8.325213499999998 0.0 0.03192724068691844 -0.0007274526177771161
8.325213499999998 0.0 0.031905417108385126 -0.0007274526177771161
8.325213499999998 0.0 0.03188359352985181 -0.0007274526177771161
8.325213499999998 0.0 0.031861769951318494 -0.0007274526177771161
8.325213499999998 0.0 0.03183994637278518 -0.0007274526177771161
8.325213499999998 0.0 0.0323800799414852 0.017458862826667327
8.325213499999998 0.0 0.03234188867905188 -0.0007274526177771161
8.325213499999998 0.0 0.032882022247751906 0.017458862826667327
8.325213499999998 0.0 0.033405788132551927 0.017458862826667327
8.325213499999998 0.0 0.03336759687011861 -0.0007274526177771161
8.325213499999998 0.0 0.03390773043881863 0.017458862826667327
8.325213499999998 0.0 0.03443149632361865 0.017458862826667327
8.31648686111111 -0.29088796296292685 0.03495526220841867 0.017458862826667327
8.31648686111111 0.0 0.034917070945985354 -0.0007274526177771161
8.31648686111111 0.0 0.03545720451468538 0.017458862826667327
8.31648686111111 0.0 0.03541901325225206 -0.0007274526177771161
8.31648686111111 0.0 0.03539718967371874 -0.0007274526177771161
8.31648686111111 0.0 0.035937323242418766 0.017458862826667327
8.307760222222221 -0.2908879629629861 0.03589913197998545 -0.0007274526177771161
8.307760222222221 0.0 0.03587730840145213 -0.0007274526177771161
8.307760222222221 0.0 0.036417441970152155 0.017458862826667327
8.307760222222221 0.0 0.036941207854952175 0.017458862826667327
8.307760222222221 0.0 0.037464973739752196 0.017458862826667327
8.299033583333333 -0.29088796296292685 0.037988739624552216 0.017458862826667327
8.281580305555554 -0.5817759259259722 0.038512505509352236 0.017458862826667327
8.264127027777777 -0.581775925925913 0.03903627139415226 0.017458862826667327
8.229220472222222 -1.163551851851826 0.037424600119465606 -0.05164913586222155
8.194313916666665 -1.163551851851885 0.033065340307432294 -0.14258071308444376
8.176860638888888 -0.581775925925913 0.033171184663318976 -0.0007274526177771161
8.185587277777778 0.2908879629629861 0.03314936108478566 -0.0007274526177771161
8.185587277777778 0.0 0.03256558035901901 -0.01891376806222156
8.185587277777778 0.0 0.03199816731715237 -0.01891376806222156
8.194313916666665 0.29088796296292685 0.03143075427528572 -0.01891376806222156
8.203040555555555 0.2908879629629861 0.030863341233419075 -0.01891376806222156
8.220493833333332 0.581775925925913 0.029733971044319095 -0.03710008350666601
8.23794711111111 0.581775925925913 0.028620968539119114 -0.03710008350666601
8.281580305555554 1.4544398148148119 0.029193837475619135 0.017458862826667327
8.325213499999998 1.4544398148148119 0.03522478340330582 0.19568475418222286
8.351393416666665 0.872663888888899 0.03502618883865251 -0.0007274526177771161
8.351393416666665 0.0 0.03500436526011919 -0.0007274526177771161
8.351393416666665 0.0 0.033409061669332545 -0.05164913586222155
8.351393416666665 0.0 0.031859587593465896 -0.05164913586222155
8.368846694444443 0.581775925925913 0.03188359352985258 -0.0007274526177771161
8.368846694444443 0.0 0.031861769951319265 -0.0007274526177771161
8.377573333333332 0.2908879629629861 0.03127798922555262 -0.01891376806222156
8.377573333333332 0.0 0.03071057618368597 -0.01891376806222156
8.386299972222222 0.2908879629629861 0.03014316314181932 -0.01891376806222156
8.40375325 0.581775925925913 0.030699664394419342 0.017458862826667327
8.412479888888887 0.29088796296292685 0.0317853874264527 0.03564517827111177
8.429933166666666 0.5817759259259722 0.030606914185652718 -0.03710008350666601
8.429933166666666 0.0 0.03117978312215274 0.017458862826667327
8.447386444444444 0.581775925925913 0.031141591859719427 -0.0007274526177771161
8.447386444444444 0.0 0.031119768281186115 -0.0007274526177771161
8.456113083333332 0.29088796296292685 0.031097944702652803 -0.0007274526177771161
8.464839722222221 0.2908879629629861 0.03163807827135282 0.017458862826667327
8.47356636111111 0.2908879629629861 0.031599887008919504 -0.0007274526177771161
8.482292999999999 0.29088796296292685 0.03157806343038619 -0.0007274526177771161
8.482292999999999 0.0 0.03211819699908621 0.017458862826667327
8.482292999999999 0.0 0.03151804858941957 -0.01891376806222156
8.482292999999999 0.0 0.031512592694786255 -0.0007274526177771161
8.482292999999999 0.0 0.03149076911625294 -0.0007274526177771161
8.482292999999999 0.0 0.031468945537719624 -0.0007274526177771161
8.482292999999999 0.0 0.03144712195918631 -0.0007274526177771161
8.482292999999999 0.0 0.03142529838065299 -0.0007274526177771161
8.482292999999999 0.0 0.03140347480211968 -0.0007274526177771161
8.482292999999999 0.0 0.03138165122358636 -0.0007274526177771161
8.482292999999999 0.0 0.031359827645053046 -0.0007274526177771161
8.482292999999999 0.0 0.03133800406651973 -0.0007274526177771161
8.482292999999999 0.0 0.031316180487986414 -0.0007274526177771161
8.482292999999999 0.0 0.0312943569094531 -0.0007274526177771161
8.482292999999999 0.0 0.03071057618368645 -0.01891376806222156
8.482292999999999 0.0 0.030143163141819803 -0.01891376806222156
8.491019638888888 0.2908879629629861 0.03013770724718649 -0.0007274526177771161
8.491019638888888 0.0 0.03067784081588651 0.017458862826667327
8.508472916666665 0.581775925925913 0.030639649553453198 -0.0007274526177771161
8.508472916666665 0.0 0.03174174026938655 0.03564517827111177
8.517199555555555 0.2908879629629861 0.031125224175819904 -0.01891376806222156
8.525926194444443 0.29088796296292685 0.03168172542841992 0.017458862826667327
8.525926194444443 0.0 0.03220549131321994 0.017458862826667327
8.525926194444443 0.0 0.03216730005078662 -0.0007274526177771161
8.525926194444443 0.0 0.032145476472253305 -0.0007274526177771161
8.525926194444443 0.0 0.03212365289371999 -0.0007274526177771161
8.525926194444443 0.0 0.032101829315186674 -0.0007274526177771161
8.525926194444443 0.0 0.03208000573665336 -0.0007274526177771161
8.525926194444443 0.0 0.03205818215812004 -0.0007274526177771161
8.525926194444443 0.0 0.03203635857958673 -0.0007274526177771161
8.525926194444443 0.0 0.03201453500105341 -0.0007274526177771161
8.525926194444443 0.0 0.031992711422520095 -0.0007274526177771161
8.525926194444443 0.0 0.03197088784398678 -0.0007274526177771161
8.525926194444443 0.0 0.0325110214126868 0.017458862826667327
8.525926194444443 0.0 0.032472830150253484 -0.0007274526177771161
8.525926194444443 0.0 0.03301296371895351 0.017458862826667327
8.525926194444443 0.0 0.03353672960375353 0.017458862826667327
8.525926194444443 0.0 0.03406049548855355 0.017458862826667327
8.525926194444443 0.0 0.03458426137335357 0.017458862826667327
8.525926194444443 0.0 0.03510802725815359 0.017458862826667327
8.525926194444443 0.0 0.03563179314295361 0.017458862826667327
8.525926194444443 0.0 0.03615555902775363 0.017458862826667327
8.525926194444443 0.0 0.03667932491255365 0.017458862826667327
8.525926194444443 0.0 0.03720309079735367 0.017458862826667327
8.525926194444443 0.0 0.03772685668215369 0.017458862826667327
8.525926194444443 0.0 0.03825062256695371 0.017458862826667327
8.517199555555555 -0.29088796296292685 0.03877438845175373 0.017458862826667327
8.499746277777778 -0.581775925925913 0.03929815433655375 0.017458862826667327
8.47356636111111 -0.872663888888899 0.03982192022135377 0.017458862826667327
8.438659805555554 -1.163551851851885 0.039783728958920454 -0.0007274526177771161
8.39502661111111 -1.4544398148148119 0.03369276819026714 -0.1971396594177771
8.368846694444443 -0.872663888888899 0.03227423558560049 -0.05164913586222155
8.368846694444443 0.0 0.031174327227520508 -0.03710008350666601
