0.0 0.0 -0.006060145875764223 -0.19612122575288748
0.03490655555555555 1.1635518518518517 -0.00812247404716418 -0.07245428073066527
0.061086472222222216 0.8726638888888888 -0.011307625334104138 -0.10518964853066527
0.10471966666666666 1.4544398148148148 -0.007382654734884097 0.12395792606933471
0.1396262222222222 1.1635518518518517 -0.005349788394504056 0.06939897973600138
0.17453277777777776 1.1635518518518517 -0.0054032561619106806 0.0002909810471125005
0.2094393333333333 1.1635518518518517 -0.005394526730497305 0.0002909810471125005
0.24434588888888886 1.1635518518518517 -0.0048238401518505974 0.01847729649155694
0.2705258055555555 0.8726638888888879 -0.005393435551570556 -0.01789533439733194
0.3228856388888889 1.7453277777777796 -0.004806381289023848 0.01847729649155694
0.39269875 2.3271037037037035 -0.002678582382023806 0.06939897973600138
0.4537852222222222 2.0362157407407397 -0.0016081358549637644 0.036663611936001386
0.49741841666666664 1.4544398148148157 -0.002756056085817056 -0.036081649841776385
0.5759581666666667 2.6179916666666676 -0.0038385055810703475 -0.036081649841776385
0.6283179999999999 1.7453277777777758 -0.004358997929090306 -0.01789533439733194
0.7155843888888889 2.9088796296296313 -0.0016365065070569318 0.08758529518044582
0.7941241388888888 2.6179916666666636 0.0009910523483564427 0.08758529518044582
0.8726638888888888 2.6179916666666676 0.001483174044283151 0.01847729649155694
0.933750361111111 2.0362157407407397 0.002037492939029859 0.01847729649155694
0.9948368333333333 2.0362157407407433 0.002591811833776567 0.01847729649155694
1.0646499444444444 2.3271037037037035 0.003146130728523275 0.01847729649155694
1.1170097777777777 1.7453277777777758 0.003700449623269983 0.01847729649155694
1.169369611111111 1.7453277777777758 0.004254768518016691 0.01847729649155694
1.2042761666666666 1.1635518518518555 0.004247130265530067 0.0002909810471125005
1.247909361111111 1.4544398148148119 0.0025699882552434414 -0.05426796528622083
1.2915425555555555 1.4544398148148194 0.00037999214942348336 -0.07245428073066527
1.3439023888888888 1.7453277777777758 -0.00010776483079647488 -0.01789533439733194
1.4137155 2.3271037037037035 0.0010412465789835666 0.036663611936001386
1.483528611111111 2.3271037037037035 0.0015791977898302748 0.01847729649155694
1.570795 2.9088796296296313 0.002133516684576983 0.01847729649155694
1.6406081111111108 2.3271037037036963 0.004823272738810358 0.08758529518044582
1.7278744999999998 2.9088796296296313 0.006439308729203733 0.05484992738044583
1.788960972222222 2.0362157407407397 0.007522849403383775 0.036663611936001386
1.8413208055555554 1.7453277777777831 0.008060800614230482 0.01847729649155694
1.8936806388888887 1.7453277777777758 0.007491205214510524 -0.01789533439733194
1.946040472222222 1.7453277777777758 0.0063923880353572325 -0.036081649841776385
1.9896736666666666 1.4544398148148194 0.005871895687337274 -0.01789533439733194
2.0507601388888888 2.0362157407407397 0.004773078508183983 -0.036081649841776385
2.111846611111111 2.0362157407407397 0.003690629012930691 -0.036081649841776385
2.181659722222222 2.3271037037036963 0.006429488118864066 0.08758529518044582
2.251472833333333 2.327103703703711 0.008495089827044106 0.06939897973600138
2.321285944444444 2.3271037037036963 0.007317707765170814 -0.036081649841776385
2.3736457777777775 1.7453277777777831 0.00735917256438419 0.0002909810471125005
2.4521855277777775 2.6179916666666676 0.010065296302517564 0.08758529518044582
2.504545361111111 1.7453277777777831 0.011119375145677606 0.036663611936001386
2.556905194444444 1.7453277777777685 0.009971454914824313 -0.036081649841776385
2.6005383888888884 1.4544398148148119 0.008889005419571022 -0.036081649841776385
2.652898222222222 1.7453277777777831 0.008930470218784396 0.0002909810471125005
2.7052580555555554 1.7453277777777831 0.009501156797431106 0.01847729649155694
2.7663445277777776 2.0362157407407397 0.008931561397711148 -0.01789533439733194
2.827431 2.0362157407407397 0.007270787071324523 -0.05426796528622083
2.8972441111111107 2.3271037037036963 0.008452533848904565 0.036663611936001386
2.9757838611111107 2.6179916666666676 0.010563965072004607 0.06939897973600138
3.0543236111111107 2.6179916666666676 0.011634411599064648 0.036663611936001386
3.124136722222222 2.327103703703711 0.012734319957144689 0.036663611936001386
3.1852231944444442 2.0362157407407397 0.014396185462458064 0.05484992738044583
3.2463096666666664 2.0362157407407397 0.014355811842171438 0.0002909810471125005
3.289942861111111 1.4544398148148119 0.013240626979118148 -0.036081649841776385
3.333576055555555 1.4544398148148119 0.013282091778331522 0.0002909810471125005
3.3859358888888886 1.7453277777777831 0.013290821209744896 0.0002909810471125005
3.429569083333333 1.4544398148148119 0.012737593493924938 -0.01789533439733194
3.4819289166666665 1.7453277777777831 0.012762690609238313 0.0002909810471125005
3.5342887499999995 1.7453277777777685 0.01164750574618502 -0.036081649841776385
3.586648583333333 1.7453277777777831 0.011688970545398395 0.0002909810471125005
3.656461694444444 2.3271037037036963 0.013383571418511769 0.05484992738044583
3.7262748055555552 2.327103703703711 0.015029069239925143 0.05484992738044583
3.7786346388888883 1.7453277777777685 0.016112609914105184 0.036663611936001386
3.830994472222222 1.7453277777777831 0.016650561124951894 0.01847729649155694
3.8659010277777774 1.1635518518518555 0.017204880019698603 0.01847729649155694
3.900807583333333 1.1635518518518555 0.01719724176721198 0.0002909810471125005
3.9269874999999996 0.8726638888888842 0.017205971198625356 0.0002909810471125005
3.953167416666666 0.8726638888888842 0.016652743482805397 -0.01789533439733194
3.979347333333333 0.872663888888899 0.01443001200918544 -0.07245428073066527
3.9968006111111105 0.581775925925913 0.012818340734498815 -0.05426796528622083
4.0491604444444445 1.745327777777798 0.013438130364845525 0.01847729649155694
4.092793638888889 1.4544398148148119 0.013992449259592234 0.01847729649155694
4.145153472222222 1.7453277777777685 0.014546768154338943 0.01847729649155694
4.197513305555555 1.7453277777777685 0.014539129901852316 0.0002909810471125005
4.249873138888889 1.745327777777798 0.014547859333265691 0.0002909810471125005
4.302232972222222 1.7453277777777685 0.0151185459119124 0.01847729649155694
4.372046083333333 2.327103703703711 0.016796779101125776 0.05484992738044583
4.424405916666666 1.7453277777777685 0.01844227692253915 0.05484992738044583
4.476765749999999 1.7453277777777685 0.020087774743952524 0.05484992738044583
4.511672305555555 1.1635518518518555 0.0200474011236659 0.0002909810471125005
4.537852222222222 0.872663888888899 0.01949417340784594 -0.01789533439733194
4.555305499999999 0.581775925925913 0.01839535622869265 -0.036081649841776385
4.590212055555555 1.1635518518518555 0.016750949586206026 -0.05426796528622083
4.616391972222222 0.872663888888899 0.016246824922086067 -0.01789533439733194
4.651298527777778 1.1635518518518555 0.016833879184632777 0.01847729649155694
4.703658361111111 1.7453277777777685 0.017388198079379486 0.01847729649155694
4.738564916666666 1.1635518518518555 0.017380559826892863 0.0002909810471125005
4.782198111111111 1.4544398148148119 0.01738928925830624 0.0002909810471125005
4.825831305555555 1.4544398148148119 0.017959975836952947 0.01847729649155694
4.878191138888888 1.7453277777777685 0.019076251878932988 0.036663611936001386
4.9218243333333325 1.4544398148148119 0.02017616023701303 0.036663611936001386
4.956730888888888 1.1635518518518555 0.020152154300626404 0.0002909810471125005
4.991637444444444 1.1635518518518555 0.01903696943757311 -0.036081649841776385
5.0265439999999995 1.1635518518518555 0.01851647708955315 -0.01789533439733194
5.070177194444444 1.4544398148148119 0.01910353135209986 0.01847729649155694
5.1050837499999995 1.1635518518518555 0.0202198073940799 0.036663611936001386
5.148716944444444 1.4544398148148119 0.02075775860492661 0.01847729649155694
5.1836234999999995 1.1635518518518555 0.02018816320520665 -0.01789533439733194
5.218530055555555 1.1635518518518555 0.018527388878820022 -0.05426796528622083
5.253436611111111 1.1635518518518555 0.01746130706746673 -0.036081649841776385
5.305796444444444 1.7453277777777685 0.016940814719446768 -0.01789533439733194
5.375609555555555 2.327103703703711 0.016403954687526808 -0.01789533439733194
5.454149305555555 2.6179916666666676 0.01699100895007352 0.01847729649155694
5.541415694444444 2.9088796296296238 0.01968076500430689 0.08758529518044582
5.628682083333333 2.9088796296296238 0.02343223815418693 0.12395792606933471
5.707221833333333 2.6179916666666676 0.027150975936266974 0.12395792606933471
5.742128388888888 1.1635518518518555 0.029745799423880347 0.08758529518044582
5.759581666666666 0.581775925925913 0.030237921119807058 0.01847729649155694
5.759581666666666 0.0 0.029106368572853765 -0.036081649841776385
5.742128388888888 -0.581775925925913 0.028023919077600472 -0.036081649841776385
5.73340175 -0.2908879629629565 0.025255598140647182 -0.09064059617510971
5.724675111111111 -0.2908879629629565 0.020400943095907224 -0.15974859486399862
5.742128388888888 0.581775925925913 0.015046528102753932 -0.17793491030844305
5.785761583333333 1.4544398148148119 0.010270437940733975 -0.15974859486399862
5.89048125 3.4906555555555663 0.007613417254300685 -0.09064059617510971
6.021380833333333 4.363319444444436 0.01590855945482073 0.2658111865360014
6.178460333333333 5.235983333333335 0.02388289505090077 0.2658111865360014
6.300633277777777 4.0724314814814795 0.02972179348749415 0.1967031878471125
6.3704463888888885 2.327103703703711 0.03618484627014086 0.21488950329155693
6.405352944444444 1.1635518518518555 0.0398217456327209 0.12395792606933471
6.387899666666666 -0.5817759259259425 0.039719174813614276 0.0002909810471125005
6.335539833333333 -1.7453277777777685 0.039165947097794314 -0.01789533439733194
6.2657267222222215 -2.327103703703711 0.03424582131745436 -0.15974859486399862
6.19591361111111 -2.327103703703711 0.022822269134181068 -0.37434711710844304
6.1610070555555545 -1.1635518518518555 0.01597512136934778 -0.23249385664177635
6.20464025 1.4544398148148416 0.013383571418514489 -0.09064059617510971
6.27445336111111 2.3271037037036812 0.012912182122194532 -0.01789533439733194
6.387899666666666 3.781543518518523 0.016758587838694574 0.12395792606933471
6.51007261111111 4.0724314814814795 0.028232334252594617 0.37492907920266805
6.6060656388888885 3.19976759259261 0.03948020662867466 0.37492907920266805
6.632245555555555 0.8726638888888694 0.04184915607846803 0.08758529518044582
6.58861236111111 -1.4544398148148119 0.038969534890994736 -0.09064059617510971
6.536252527777777 -1.7453277777777685 0.03355292269902145 -0.17793491030844305
6.492619333333333 -1.4544398148148119 0.024393566788581494 -0.3016018553306653
6.483892694444444 -0.2908879629629565 0.019728776877081536 -0.15974859486399862
6.5275258888888885 1.4544398148148119 0.01819567048511491 -0.05426796528622083
6.58861236111111 2.036215740740725 0.014994151514274953 -0.10518964853066527
6.6846053888888886 3.19976759259261 0.014535856365074994 -0.01789533439733194
6.82423161111111 4.654207407407393 0.020630090670508368 0.1967031878471125
6.955131194444443 4.363319444444436 0.02596922915868841 0.17851687240266806
7.068577499999999 3.781543518518523 0.02795299244736845 0.06939897973600138
7.164570527777777 3.19976759259261 0.024640173226008494 -0.10518964853066527
7.2692901944444435 3.490655555555537 0.021484483770088537 -0.10518964853066527
7.400189777777777 4.363319444444466 0.021026188620888578 -0.01789533439733194
7.557269277777777 5.235983333333305 0.020489328588968618 -0.01789533439733194
7.731802055555555 5.817759259259278 0.019952468557048658 -0.01789533439733194
7.932514749999999 6.690423148148147 0.018291694230662032 -0.05426796528622083
8.15940736111111 7.563087037037046 0.01891148386100874 0.01847729649155694
8.421206527777777 8.726638888888871 0.01946580275575545 0.01847729649155694
8.700458972222222 9.308414814814844 0.018334250208802156 -0.036081649841776385
9.01461797222222 10.47196666666661 0.018375715008015533 0.0002909810471125005
9.363683527777777 11.635518518518555 0.02164379589338224 0.10577161062489027
9.747655638888888 12.79907037037038 0.02099563561094228 -0.01789533439733194
10.157807666666665 13.671734259259221 0.02158268987348899 0.01847729649155694
10.58541297222222 14.253510185185192 0.0248344030749557 0.10577161062489027
11.039198194444444 15.126174074074092 0.023624285645282406 -0.036081649841776385
11.475530138888887 14.544398148148119 0.022541836150029113 -0.036081649841776385
11.92931536111111 15.126174074074092 0.01651416375912249 -0.19612122575288748
12.418007138888887 16.289725925925918 0.015575749882189197 -0.036081649841776385
12.87179236111111 15.126174074074092 0.010110034638515905 -0.17793491030844305
13.360484138888888 16.289725925925918 -0.0007351927136240505 -0.35616080166399855
13.840449277777775 15.99883796296293 -0.015241325364730674 -0.47982774668622075
14.329141055555555 16.28972592592598 -0.0313220292070173 -0.5343866930195541
14.82655947222222 16.580613888888845 -0.055558204347210594 -0.799906898508443
15.29779797222222 15.707950000000004 -0.09056977138823721 -1.156358681219554
15.795216388888887 16.580613888888905 -0.12964379757324385 -1.2982119416862208
16.266454888888887 15.707950000000004 -0.16364493292817714 -1.1381723657751095
16.755146666666665 16.289725925925918 -0.2032972839443171 -1.3163982571306652
17.26129172222222 16.87150185185189 -0.2449246688177237 -1.3855062558195541
17.741256861111108 15.998837962962872 -0.28266854789112367 -1.2618393107973318
18.229948638888885 16.289725925925918 -0.3155785043193903 -1.1017997348862207
18.709913777777775 15.998837962962991 -0.3469466249242769 -1.0472407885528874
19.24223875 17.74416574074079 -0.38117363431703016 -1.1381723657751095
19.70475061111111 15.417062037037018 -0.41745424244977014 -1.2072803644639984
20.193442388888887 16.289725925925918 -0.4608657048682767 -1.4400652021528875
20.682134166666664 16.289725925925918 -0.5150820210186366 -1.7965169848639984
21.27554561111111 19.780381481481513 -0.5777440620613966 -2.0802235057973317
21.729330833333332 15.126174074074092 -0.6412746815297833 -2.1165961366862205
22.148209499999997 13.962622222222148 -0.6981414712930165 -1.901997614441776
22.628174638888886 15.998837962962991 -0.7414896453337765 -1.4582515175973318
23.116866416666664 16.289725925925918 -0.7759087022176231 -1.156358681219554
23.596831555555553 15.998837962962991 -0.8022824968751563 -0.8872012126417763
24.076796694444443 15.998837962962991 -0.8235037446409695 -0.7126125843751095
24.56548847222222 16.289725925925918 -0.8470175593317094 -0.7817205830639985
25.02800033333333 15.417062037037018 -0.8748524425720493 -0.9235738435306652
25.542872027777776 17.162389814814816 -0.9048074864669027 -0.9963191053084429
26.014110527777774 15.707949999999945 -0.9358209739206227 -1.0326917361973318
26.511528944444443 16.580613888888962 -0.9645538974176093 -0.9599464744195542
26.99149408333333 15.998837962962872 -0.995038163091896 -1.0145054207528874
27.480185861111107 16.289725925925918 -1.0260352828617159 -1.0326917361973318
27.960150999999996 15.998837962962991 -1.0570160349476359 -1.0326917361973318
28.448842777777774 16.289725925925918 -1.085187001297389 -0.9417601589751097
28.946261194444443 16.580613888888962 -1.1140017632138757 -0.9599464744195542
29.42622633333333 15.998837962962872 -1.1433621145936956 -0.9781327898639984
29.914918111111106 16.289725925925918 -1.1704582697006822 -0.9053875280862207
30.412336527777775 16.580613888888962 -1.1894153211936622 -0.6398673225973318
30.901028305555553 16.289725925925918 -1.2053519894176288 -0.5343866930195541
31.38972008333333 16.289725925925918 -1.2196977187665154 -0.47982774668622075
31.86968522222222 15.998837962962991 -1.2308331997131488 -0.37434711710844304
32.358377 16.289725925925918 -1.2392538274902354 -0.2834155398862208
32.855795416666666 16.580613888888962 -1.2456208565273355 -0.21430754119733192
33.34448719444444 16.2897259259258 -1.241035722677482 0.14214424151377913
33.824452333333326 15.998837962962872 -1.2263189924935285 0.48040970878044575
34.30441747222222 15.998837962963108 -1.2113447440828817 0.49859602422489024
34.79310924999999 16.2897259259258 -1.2018940433990217 0.3203701328693347
35.27307438888889 15.998837962963108 -1.1994759908975283 0.08758529518044582
35.75303952777777 15.998837962962872 -1.2006697406433016 -0.036081649841776385
36.25918458333333 16.87150185185189 -1.188602392893295 0.3894781315582236
36.71296980555555 15.126174074074092 -1.158148680228955 0.996901067402668
37.201661583333326 16.2897259259258 -1.1217229452989683 1.2078623265582236
37.68162672222222 15.998837962963108 -1.0826772897660548 1.2987939037804457
38.15286522222222 15.707949999999945 -1.0514684812844615 1.0478227506471125
38.641557 16.289725925926035 -1.0205957559122814 1.029636435202668
39.10406886111111 15.417062037037018 -0.985772962825568 1.156940643313779
39.584033999999996 15.998837962962872 -0.950615177808368 1.1714896956693346
40.06399913888888 15.998837962962872 -0.9088393926009346 1.386088217913779
40.53523763888889 15.707950000000181 -0.8661328317690545 1.422460848802668
40.9977495 15.417062037037018 -0.8267183577589278 1.31698021922489
41.477714638888884 15.998837962962872 -0.7970993969734878 0.996901067402668
41.966406416666665 16.289725925926035 -0.7688782363931077 0.9423421210693346
42.42019163888889 15.126174074074092 -0.7417318870554943 0.9059694901804458
42.90888341666666 16.2897259259258 -0.7112934508961276 1.0114501197582235
43.37139527777777 15.417062037037018 -0.6891545216529875 0.7459299142693346
43.851360416666665 15.998837962963108 -0.6744192414272807 0.49859602422489024
44.33132555555555 15.998837962962872 -0.6649685407434207 0.3203701328693347
44.820017333333325 16.2897259259258 -0.6536715653156406 0.37492907920266805
45.29998247222222 15.998837962963108 -0.6386023843383739 0.49859602422489024
45.77122097222222 15.707949999999945 -0.6093707920719006 0.9605284365137791
46.268639388888886 16.580613888888962 -0.5580766530871538 1.6879810542915568
46.75733116666666 16.2897259259258 -0.4909156813297471 2.2226587283582235
47.23729630555555 15.998837962963108 -0.4264837480679337 2.1499134665804456
47.72598808333333 16.2897259259258 -0.37131483271459365 1.8480206302026678
48.21467986111111 16.289725925926035 -0.3307098824954736 1.3679019024693344
48.71209827777777 16.580613888888728 -0.3039465369611203 0.9059694901804458
49.21824333333333 16.87150185185189 -0.2882313780592669 0.5349686551137791
49.689481833333325 15.707949999999945 -0.2854445070805602 0.10577161062489027
50.16944697222222 15.998837962963108 -0.2959831131543068 -0.33797448621955417
50.675592027777775 16.87150185185189 -0.31488887923773345 -0.6216810071528875
51.15555716666666 15.998837962962872 -0.33027995799836674 -0.5162003775751096
51.66170222222222 16.87150185185189 -0.34025878928273334 -0.33797448621955417
52.132940722222216 15.707949999999945 -0.34376692953196664 -0.1233759639751097
52.6216325 16.289725925926035 -0.34364689985003327 0.0002909810471125005
53.11905091666666 16.580613888888728 -0.3425142561241532 0.036663611936001386
53.59901605555555 15.998837962963108 -0.3442241335022398 -0.05426796528622083
54.157520944444435 18.61682962962945 -0.3546187039576664 -0.33797448621955417
54.57639961111111 13.962622222222384 -0.3653198956914864 -0.35616080166399855
55.06509138888888 16.2897259259258 -0.37656667688863965 -0.37434711710844304
55.56250980555555 16.580613888888962 -0.3872351332546596 -0.35616080166399855
56.05120158333333 16.289725925926035 -0.39623408586287956 -0.3016018553306653
56.54861999999999 16.580613888888728 -0.3970775671731928 -0.036081649841776385
57.037311777777774 16.289725925926035 -0.3854597851409728 0.37492907920266805
57.52600355555555 16.2897259259258 -0.36656929556251944 0.6222629692471124
58.023421972222216 16.580613888888962 -0.3435181407366861 0.7641162297137791
58.5033871111111 15.998837962962872 -0.32115661099250603 0.7459299142693346
59.00080552777777 16.580613888888962 -0.3069832879140327 0.48040970878044575
59.48077066666666 15.998837962962872 -0.3047092710308593 0.08758529518044582
59.986915722222214 16.87150185185189 -0.31141020081951926 -0.21430754119733192
60.46688086111111 15.998837962963108 -0.32109877850939256 -0.3197881707751097
60.938119361111106 15.707949999999945 -0.3290065521909459 -0.2652292244417764
61.43553777777777 16.580613888888728 -0.3365138632064125 -0.2506801720862208
61.92422955555555 16.289725925926035 -0.33908904547334584 -0.09064059617510971
62.430374611111105 16.87150185185189 -0.3412463062113658 -0.07245428073066527
62.91033974999999 15.998837962962872 -0.34667928608723914 -0.17793491030844305
63.39903152777777 16.289725925926035 -0.35864842773384575 -0.3925334325528874
63.88772330555555 16.2897259259258 -0.37368378216438575 -0.49801406213066524
64.36768844444444 15.998837962963108 -0.3886242040283057 -0.49801406213066524
64.8651068611111 16.580613888888728 -0.40468854018669237 -0.5343866930195541
65.35379863888888 16.2897259259258 -0.42015818383004566 -0.5162003775751096
65.83376377777778 15.998837962963346 -0.43283440942113227 -0.4252688003528875
66.32245555555555 16.2897259259258 -0.44289507912499887 -0.33797448621955417
66.81114733333332 16.2897259259258 -0.45472018515328544 -0.3925334325528874
67.31729238888889 16.871501851852127 -0.4703174967310587 -0.5162003775751096
67.79725752777777 15.998837962962872 -0.490186773806732 -0.6580536380417763
68.29467594444444 16.580613888888728 -0.5049831600523319 -0.49801406213066524
68.77464108333332 15.998837962962872 -0.5122809647138786 -0.2506801720862208
69.2720595 16.5806138888892 -0.5153057126985986 -0.10518964853066527
69.76947791666666 16.580613888888728 -0.5229570593323852 -0.2506801720862208
70.24071641666666 15.707949999999945 -0.5386820388445784 -0.5162003775751096
70.74686147222222 16.871501851852127 -0.5629345816686717 -0.799906898508443
71.22682661111111 15.998837962962872 -0.5945744058262983 -1.0472407885528874
71.71551838888888 16.2897259259258 -0.6282394580718182 -1.1199860503306651
72.20421016666666 16.2897259259258 -0.6650983910356915 -1.2254666799084428
72.70162858333333 16.5806138888892 -0.7079315286230647 -1.4218788867084429
73.1903203611111 16.2897259259258 -0.7538472466782713 -1.5273595162862206
73.67028549999999 15.998837962962872 -0.8007919464613246 -1.5637321471751096
74.17643055555554 16.871501851851654 -0.8465799965821111 -1.5273595162862206
74.64766905555555 15.70795000000042 -0.9028531850092377 -1.8656249835528875
75.14508747222222 16.580613888888728 -0.9671389002948777 -2.1347824521306653
75.6250526111111 15.998837962962872 -1.0311823738587977 -2.1347824521306653
76.12247102777776 16.580613888888728 -1.0918541045393175 -2.025664559463998
76.61988944444444 16.5806138888892 -1.1543099127649374 -2.0802235057973317
77.09112794444444 15.707949999999945 -1.2199759693928107 -2.1857041353751097
77.5885463611111 16.580613888888728 -1.2817257848528774 -2.0620371903528874
78.0597848611111 15.707949999999945 -1.3413390719745306 -1.9892919285751096
78.55720327777777 16.5806138888892 -1.4000063069667639 -1.9565565607751094
79.04589505555555 16.2897259259258 -1.4553312609066171 -1.847438668108443
79.53458683333332 16.2897259259258 -1.5080570266431506 -1.7601443539751094
80.03200525 16.5806138888892 -1.5515328686183305 -1.4582515175973318
80.52069702777777 16.2897259259258 -1.5947184569990172 -1.4400652021528875
81.00938880555555 16.2897259259258 -1.6423036788120238 -1.5819184626195542
81.5068072222222 16.580613888888728 -1.6958303698807304 -1.778330669419554
81.98677236111111 15.998837962963346 -1.7524396414172703 -1.8838112989973317
82.48419077777777 16.580613888888728 -1.8122133318411435 -1.9892919285751096
82.95542927777777 15.707949999999945 -1.87683731259405 -2.1493315044862205
83.45284769444443 16.580613888888728 -1.9512077035199433 -2.4694106563084426
83.95899275 16.871501851852127 -2.0269758946508962 -2.523969602641776
84.4215046111111 15.417062037037018 -2.0966258455400295 -2.3275573958417763
84.91019638888888 16.2897259259258 -2.158247993065676 -2.0620371903528874
85.39888816666665 16.2897259259258 -2.2090947486904895 -1.7055854076417762
85.89630658333333 16.5806138888892 -2.2498099079812026 -1.3673199403751095
86.40245163888888 16.871501851851654 -2.276555794652729 -0.9053875280862207
86.92604997222222 17.45327777777798 -2.2844984860599356 -0.2834155398862208
87.36238191666666 14.544398148148238 -2.288617686508102 -0.14156227941955415
87.85107369444444 16.2897259259258 -2.2901671605839686 -0.05426796528622083
88.3484921111111 16.580613888888728 -2.292919113837022 -0.09064059617510971
88.83718388888887 16.2897259259258 -2.295076374575042 -0.07245428073066527
89.31714902777777 15.998837962963346 -2.296688045849729 -0.05426796528622083
89.81456744444444 16.580613888888728 -2.291123033323729 0.17851687240266806
90.30325922222221 16.2897259259258 -2.2720557727591557 0.6222629692471124
90.79195099999998 16.2897259259258 -2.2368663435530824 1.156940643313779
91.28064277777777 16.289725925926273 -2.1922676784623625 1.4770197951360013
91.77806119444443 16.580613888888728 -2.1502049131972156 1.4042745333582234
92.2667529722222 16.2897259259258 -2.116281251546076 1.1387543278693346
92.75544475 16.289725925926273 -2.0931329817957693 0.7823025451582236
93.23540988888888 15.998837962962872 -2.078992394085096 0.48040970878044575
93.72410166666666 16.2897259259258 -2.0717731543062694 0.24762487109155693
94.21279344444443 16.2897259259258 -2.069289631069176 0.08758529518044582
94.7189385 16.871501851852127 -2.0661001150665297 0.10577161062489027
95.19890363888888 15.998837962962872 -2.0640508810422498 0.06939897973600138
95.68759541666665 16.2897259259258 -2.06196891165017 0.06939897973600138
96.16756055555554 15.998837962962872 -2.049996496466783 0.3894781315582236
96.65625233333333 16.289725925926273 -2.0349404096366364 0.49859602422489024
97.16239738888888 16.871501851851654 -2.0353801547440833 0.0002909810471125005
97.64236252777776 15.998837962962872 -2.049645136852397 -0.46164143124177637
98.13978094444444 16.5806138888892 -2.0623704654951833 -0.4252688003528875
0.0 -3271.3260314814816 -0.005677403955446624 -0.19612122575288748
-0.061086472222222216 -2.0362157407407406 -0.013696477887519916 -0.2652292244417764
-0.19198605555555553 -4.3633194444444445 -0.050313169129673214 -1.192731312108443
-0.17453277777777776 0.5817759259259259 -0.05091659107611984 -0.05426796528622083
-0.008726638888888888 5.526871296296296 -0.04422766425565313 0.21488950329155693
0.2268926111111111 7.853974999999999 -0.015302693267573097 0.9423421210693346
0.4537852222222222 7.563087037037037 0.005774518879920276 0.7095572833804458
0.5759581666666667 4.072431481481483 0.005144908639233651 0.0002909810471125005
0.6283179999999999 1.7453277777777758 0.0068395095123470265 0.05484992738044583
0.698131111111111 2.3271037037037035 0.008934573051547068 0.06939897973600138
0.7155843888888889 0.5817759259259278 0.010566976725840442 0.05484992738044583
0.7155843888888889 0.0 0.007716817369387152 -0.09064059617510971
0.7155843888888889 0.0 0.003986076619113861 -0.1233759639751097
0.7155843888888889 0.0 -0.0019630308890727635 -0.19612122575288748
0.7417643055555555 0.8726638888888879 -0.007846667661659389 -0.19612122575288748
0.8115774166666666 2.3271037037037035 -0.00440181579017268 0.10577161062489027
0.9075704444444443 3.1997675925925915 0.0037165554242273623 0.2658111865360014
0.9773835555555554 2.3271037037037035 0.0051721881124007375 0.05484992738044583
1.0210167499999998 1.4544398148148119 0.004569857344880779 -0.01789533439733194
1.0559233055555555 1.1635518518518555 0.004032997312960821 -0.01789533439733194
1.090829861111111 1.1635518518518482 0.00462005157550753 0.01847729649155694
1.1170097777777777 0.8726638888888916 0.005174370470254238 0.01847729649155694
1.1344630555555555 0.5817759259259278 0.004604775070534279 -0.01789533439733194
1.1519163333333333 0.5817759259259278 0.004067915038614321 -0.01789533439733194
1.169369611111111 0.5817759259259203 0.004093012153927696 0.0002909810471125005
1.1955495277777777 0.8726638888888916 -0.0008434813103122621 -0.15974859486399862
1.2566359999999999 2.0362157407407397 -0.0035005019967455533 -0.09064059617510971
1.317722472222222 2.0362157407407397 -0.003971891293065512 -0.01789533439733194
1.3700823055555553 1.7453277777777758 -0.0028228798832854703 0.036663611936001386
1.4224421388888888 1.7453277777777831 0.00041246563428123776 0.10577161062489027
1.474801972222222 1.7453277777777758 0.0020121339407746124 0.05484992738044583
1.5271618055555554 1.7453277777777758 0.002533717467721321 0.01847729649155694
1.562068361111111 1.1635518518518555 0.0036499935097013625 0.036663611936001386
1.6144281944444443 1.7453277777777758 0.005761424732801404 0.06939897973600138
1.6580613888888887 1.4544398148148119 0.0068318712598614455 0.036663611936001386
1.6929679444444443 1.1635518518518555 0.007931779617941486 0.036663611936001386
1.7191478611111108 0.8726638888888842 0.008469730828788194 0.01847729649155694
1.7366011388888887 0.5817759259259278 0.006214263987368237 -0.07245428073066527
1.7453277777777776 0.2908879629629639 0.0019051984059616123 -0.14156227941955415
1.780234333333333 1.1635518518518482 -0.00020623281713834583 -0.07245428073066527
1.8325941666666665 1.7453277777777831 0.0004299244971083624 0.01847729649155694
1.9198605555555552 2.9088796296296238 0.0015462005390884039 0.036663611936001386
1.9984003055555553 2.6179916666666676 0.0036576317621884453 0.06939897973600138
2.094393333333333 3.199767592592595 0.006863515448735154 0.10577161062489027
2.164206444444444 2.3271037037036963 0.008463183755228528 0.05484992738044583
2.2340195555555553 2.327103703703711 0.010108681576641902 0.05484992738044583
2.286379388888889 1.7453277777777831 0.00894439366188861 -0.036081649841776385
2.338739222222222 1.7453277777777685 0.008985858461101984 0.0002909810471125005
2.3910990555555554 1.7453277777777831 0.010118502186982025 0.036663611936001386
2.4521855277777775 2.0362157407407397 0.0100944962505954 0.0002909810471125005
2.487092083333333 1.1635518518518555 0.010103225682008775 0.0002909810471125005
2.5394519166666663 1.7453277777777685 0.010673912260655484 0.01847729649155694
2.574358472222222 1.1635518518518555 0.010104316860935526 -0.01789533439733194
2.6092650277777776 1.1635518518518555 0.009567456829015568 -0.01789533439733194
2.652898222222222 1.4544398148148119 0.008468639649862277 -0.036081649841776385
2.6965314166666663 1.4544398148148119 0.00794814730184232 -0.01789533439733194
2.74889125 1.7453277777777831 0.008535201564389028 0.01847729649155694
2.809977722222222 2.0362157407407397 0.010213434753602401 0.05484992738044583
2.8623375555555555 1.7453277777777831 0.011858932575015775 0.05484992738044583
2.90597075 1.4544398148148119 0.010694644660262485 -0.036081649841776385
2.949603944444444 1.4544398148148119 0.010736109459475859 0.0002909810471125005
3.0019637777777772 1.7453277777777685 0.012430710332589233 0.05484992738044583
3.036870333333333 1.1635518518518555 0.012952293859535943 0.01847729649155694
3.0717768888888886 1.1635518518518555 0.01182074131258265 -0.036081649841776385
3.106683444444444 1.1635518518518555 0.010738291817329357 -0.036081649841776385
3.1503166388888886 1.4544398148148119 0.0102177994693094 -0.01789533439733194
3.193949833333333 1.4544398148148119 0.009680939437389442 -0.01789533439733194
3.2463096666666664 1.7453277777777831 0.009706036552702817 0.0002909810471125005
3.3073961388888886 2.0362157407407397 0.009714765984116192 0.0002909810471125005
3.3772092499999995 2.3271037037036963 0.006913709679362901 -0.09064059617510971
3.4557489999999995 2.6179916666666676 0.0014970974873896089 -0.17793491030844305
3.586648583333333 4.363319444444451 0.00279014451548965 0.036663611936001386
3.735001444444444 4.945095370370364 0.010970712928709693 0.2658111865360014
3.892080944444444 5.235983333333335 0.019507005672023067 0.2839975019804458
3.9968006111111105 3.4906555555555516 0.02634105928973644 0.2294385556471125
4.040433805555555 1.4544398148148119 0.02827899306349648 0.06939897973600138
4.0491604444444445 0.2908879629629861 0.026539653854389857 -0.05426796528622083
4.031707166666666 -0.5817759259259425 0.025473572043036564 -0.036081649841776385
4.014253888888889 -0.581775925925913 0.021693728241063272 -0.1233759639751097
3.988073972222222 -0.872663888888899 0.016868535027343312 -0.15974859486399862
3.988073972222222 0.0 0.013199991475890021 -0.1233759639751097
4.014253888888889 0.872663888888899 0.00949871255663673 -0.1233759639751097
4.066613722222222 1.7453277777777685 0.007370913649636771 -0.07245428073066527
4.162606749999999 3.1997675925925804 0.009130985258350145 0.05484992738044583
4.249873138888889 2.9088796296296535 0.017857143134903518 0.2839975019804458
4.337139527777778 2.9088796296296238 0.02311771674036356 0.17851687240266806
4.372046083333333 1.1635518518518555 0.021842128575090266 -0.036081649841776385
4.389499361111111 0.581775925925913 0.01862424192035031 -0.10518964853066527
4.415679277777778 0.872663888888899 0.016480075329450353 -0.07245428073066527
4.450585833333333 1.1635518518518555 0.015992318349230393 -0.01789533439733194
4.494219027777778 1.4544398148148119 0.018152852624030436 0.06939897973600138
4.529125583333333 1.1635518518518555 0.021358736310577144 0.10577161062489027
4.546578861111111 0.581775925925913 0.02127253317537052 0.0002909810471125005
4.555305499999999 0.2908879629629565 0.018471476870617228 -0.09064059617510971
4.555305499999999 0.0 0.01631421613259727 -0.07245428073066527
4.572758777777778 0.5817759259259425 0.016388416299610645 0.0002909810471125005
4.598938694444444 0.8726638888888694 0.016959102878257352 0.01847729649155694
4.625118611111111 0.872663888888899 0.01695146462577073 0.0002909810471125005
4.651298527777778 0.872663888888899 0.015274322615484105 -0.05426796528622083
4.686205083333332 1.163551851851826 0.013084326509664146 -0.07245428073066527
4.738564916666666 1.745327777777798 0.010910698087744189 -0.07245428073066527
4.817104666666666 2.6179916666666676 0.011546855401990897 0.01847729649155694
4.913097694444444 3.1997675925925804 0.014798568603457605 0.10577161062489027
5.009090722222222 3.19976759259261 0.020219545511137645 0.17851687240266806
5.0789038333333325 2.3271037037036812 0.023889180241517684 0.12395792606933471
5.113810388888888 1.1635518518518555 0.02547248086411106 0.05484992738044583
5.1312636666666664 0.5817759259259425 0.025432107243824435 0.0002909810471125005
5.1312636666666664 0.0 0.02544083667523781 0.0002909810471125005
5.1312636666666664 0.0 0.02758500326613785 0.06939897973600138
5.113810388888888 -0.5817759259259425 0.03191480124715123 0.14214424151377913
5.061450555555555 -1.7453277777777685 0.03393129990363127 0.06939897973600138
4.982910805555555 -2.6179916666666676 0.02949456638780465 -0.14156227941955415
4.886917777777777 -3.19976759259261 0.020864432256798026 -0.2834155398862208
4.834557944444444 -1.7453277777777685 0.011800008912978067 -0.3016018553306653
4.8432845833333324 0.2908879629629565 0.0076971761487114425 -0.14156227941955415
4.913097694444444 2.327103703703711 0.008395530661778151 0.01847729649155694
5.0003640833333325 2.9088796296296238 0.010523329568778193 0.06939897973600138
5.113810388888888 3.781543518518523 0.010469861801371567 0.0002909810471125005
5.2359833333333325 4.0724314814814795 0.012614028392271609 0.06939897973600138
5.375609555555555 4.654207407407422 0.01581991207881832 0.10577161062489027
5.515235777777777 4.654207407407393 0.015733708943611695 0.0002909810471125005
5.646135361111111 4.363319444444466 0.013494609786091736 -0.07245428073066527
5.80321486111111 5.235983333333305 0.014130767100338445 0.01847729649155694
5.986474277777777 6.108647222222234 0.017382480301805153 0.10577161062489027
6.169733694444444 6.108647222222234 0.025500851516205195 0.2658111865360014
6.3442664722222215 5.8177592592592475 0.0329132299650519 0.24762487109155693
6.457712777777777 3.781543518518523 0.03933045323277861 0.21488950329155693
6.51007261111111 1.7453277777777685 0.045215181184291985 0.1967031878471125
6.51007261111111 0.0 0.0483064910835387 0.10577161062489027
6.440259499999999 -2.327103703703711 0.049906159390032075 0.05484992738044583
6.3180865555555545 -4.0724314814814795 0.044920562874092115 -0.15974859486399862
6.178460333333333 -4.654207407407393 0.029113744942398826 -0.5162003775751096
6.073740666666666 -3.4906555555555663 0.018010999363565535 -0.37434711710844304
6.03883411111111 -1.1635518518518555 0.012287765893198912 -0.19612122575288748
6.0824673055555545 1.4544398148148119 0.00696608626784562 -0.17793491030844305
6.169733694444444 2.9088796296296535 0.0005041246641256619 -0.21430754119733192
6.335539833333333 5.526871296296291 -0.010870324467447628 -0.37434711710844304
6.58861236111111 8.435750925925916 -0.01872899509730092 -0.2652292244417764
6.920224638888888 11.053742592592583 -0.023426520376600878 -0.15974859486399862
7.312923388888888 13.089958333333337 -0.03428811541264083 -0.35616080166399855
7.731802055555555 13.962622222222237 -0.04767033376928079 -0.4434551157973319
8.168133999999998 14.544398148148119 -0.04894810429240741 -0.05426796528622083
8.63064586111111 15.417062037037077 -0.04619287750257404 0.08758529518044582
9.084431083333332 15.126174074074033 -0.042441404352694 0.12395792606933471
9.546942944444444 15.417062037037077 -0.03490135796942729 0.24762487109155693
10.009454805555555 15.417062037037018 -0.026348697542213913 0.2839975019804458
10.471966666666665 15.417062037037018 -0.04199292981383387 -0.49801406213066524
10.960658444444443 16.289725925925918 -0.06513792602736049 -0.763534267619554
11.414443666666665 15.126174074074092 -0.08422264545476044 -0.6398673225973318
11.876955527777776 15.417062037037018 -0.13365195965383372 -1.6182910935084427
12.356920666666666 15.998837962962991 -0.18489808676580702 -1.7055854076417762
12.845612444444443 16.289725925925918 -0.24044891474348032 -1.847438668108443
13.325577583333333 15.998837962962991 -0.2948605519217136 -1.814703300308443
13.796816083333331 15.707949999999945 -0.3481777366365002 -1.778330669419554
14.294234499999998 16.580613888888905 -0.4047870081730402 -1.8838112989973317
14.774199638888888 15.998837962962991 -0.4651226557441468 -2.0074782440195538
15.262891416666665 16.289725925925918 -0.5346754917088067 -2.3093710803973315
15.760309833333332 16.580613888888905 -0.6094638041636133 -2.4875969717528874
16.231548333333333 15.707950000000004 -0.6846536704634333 -2.505783287197332
16.728966749999998 16.580613888888845 -0.7587032547848865 -2.4694106563084426
17.217658527777775 16.289725925925918 -0.8344714459158399 -2.523969602641776
