0.0 0.0 -0.0005844354331226462 -0.01891376806222156
0.0 0.0 -0.0005898913277559597 -0.0007274526177771161
0.0 0.0 -0.0006117149062892732 -0.0007274526177771161
0.0 0.0 0.0004903758096440798 0.03564517827111177
0.0 0.0 0.0021216883050107663 0.05383149371555621
-0.008726638888888888 -0.29088796296296293 0.0037366331164774523 0.05383149371555621
-0.026179916666666664 -0.5817759259259259 0.0047896207807108055 0.03564517827111177
-0.061086472222222216 -1.1635518518518517 0.005297018981610825 0.017458862826667327
-0.10471966666666666 -1.4544398148148148 0.0014375191179908451 -0.12439439763999934
-0.1396262222222222 -1.1635518518518517 -0.004991707117929134 -0.21168871177333265
-0.1396262222222222 0.0 -0.004261708415989114 0.017458862826667327
-0.12217294444444443 0.5817759259259259 -0.004299899678422427 -0.0007274526177771161
-0.09599302777777777 0.8726638888888888 -0.004883680404189073 -0.01891376806222156
-0.0698131111111111 0.8726638888888888 -0.00545109344605572 -0.01891376806222156
-0.03490655555555555 1.1635518518518517 -0.0037706778989890334 0.05383149371555621
0.0 1.1635518518518517 0.002789489808130985 0.2138710696266673
0.017453277777777776 0.5817759259259259 0.004822356148511005 0.07201780916000065
0.0 -0.5817759259259259 0.005858976128844357 0.03564517827111177
-0.026179916666666664 -0.8726638888888888 0.007490288624211043 0.05383149371555621
-0.07853974999999999 -1.7453277777777776 0.0047219676872577295 -0.08802176675111044
-0.13089958333333332 -1.7453277777777776 -0.0028639082109289168 -0.24806134266222155
-0.16580613888888887 -1.1635518518518517 -0.00536052559514223 -0.08802176675111044
-0.15707949999999998 0.29088796296296293 -0.0058657414381888765 -0.01891376806222156
-0.1396262222222222 0.5817759259259259 -0.00587119733282219 -0.0007274526177771161
-0.12217294444444443 0.5817759259259259 -0.00701693520582217 -0.03710008350666601
-0.0698131111111111 1.7453277777777776 -0.008129937711022151 -0.03710008350666601
-0.017453277777777776 1.7453277777777776 -0.0075570687745221314 0.017458862826667327
0.05235983333333333 2.3271037037037035 -0.004785474300788779 0.09020412460444509
0.12217294444444443 2.3271037037037035 -0.0005058705504020919 0.14112580784888956
0.16580613888888887 1.4544398148148148 0.0004685522311112611 0.03564517827111177
0.19198605555555553 0.8726638888888888 -0.003407315316408719 -0.12439439763999934
0.2268926111111111 1.1635518518518517 -0.007701104392842031 -0.14258071308444376
0.28797908333333333 2.0362157407407415 -0.007033302889722011 0.017458862826667327
0.3665188333333333 2.6179916666666654 -0.0032501855509686588 0.1229394924044451
0.4537852222222222 2.9088796296296295 -0.002821352232788639 0.017458862826667327
0.5235983333333333 2.3271037037037035 -0.0034215006424552856 -0.01891376806222156
0.6108647222222221 2.9088796296296278 -0.0023030422426219325 0.03564517827111177
0.698131111111111 2.9088796296296313 0.00045218454721142006 0.09020412460444509
0.7853975 2.9088796296296313 0.0009104796964114399 0.017458862826667327
0.8639372499999999 2.6179916666666636 -0.0002516258604885404 -0.03710008350666601
0.9424769999999999 2.6179916666666676 0.00032124307601147937 0.017458862826667327
1.0297433888888887 2.9088796296296278 0.0041043604147648315 0.1229394924044451
1.1082831388888887 2.6179916666666676 0.00891645948136485 0.159312123293334
1.160642972222222 1.7453277777777758 0.008750600284511537 -0.0007274526177771161
1.1780962499999998 0.5817759259259278 0.00715529669372489 -0.05164913586222155
1.1868228888888888 0.2908879629629639 0.005605822617858244 -0.05164913586222155
1.2042761666666666 0.5817759259259278 0.004056348541991597 -0.05164913586222155
1.2130028055555555 0.2908879629629639 0.0013829601716582839 -0.08802176675111044
1.239182722222222 0.8726638888888842 0.0014397014758449702 -0.0007274526177771161
1.2653626388888888 0.8726638888888916 0.0031037493390116567 0.05383149371555621
1.2915425555555555 0.8726638888888916 0.00415673700324501 0.03564517827111177
1.3089958333333331 0.5817759259259203 0.00297826376244503 -0.03710008350666601
1.317722472222222 0.2908879629629639 0.0014156955394583836 -0.05164913586222155
1.3351757499999999 0.5817759259259278 0.00143970147584507 -0.0007274526177771161
1.3613556666666664 0.8726638888888842 0.0031037493390117564 0.05383149371555621
1.3875355833333332 0.8726638888888916 0.00415673700324511 0.03564517827111177
1.3875355833333332 0.0 0.004102178056911796 -0.0007274526177771161
1.3875355833333332 0.0 0.002956440183911816 -0.03710008350666601
1.3875355833333332 0.0 0.001843437678711836 -0.03710008350666601
1.404988861111111 0.5817759259259278 0.0018543494679785224 -0.0007274526177771161
1.404988861111111 0.0 0.002956440183911875 0.03564517827111177
1.4224421388888888 0.5817759259259278 0.004025795532045228 0.03564517827111177
1.4224421388888888 0.0 0.003971236585711914 -0.0007274526177771161
1.4224421388888888 0.0 0.0045113701544119336 0.017458862826667327
1.4224421388888888 0.0 0.005035136039211953 0.017458862826667327
1.4224421388888888 0.0 0.005558901924011973 0.017458862826667327
1.4224421388888888 0.0 0.006082667808811992 0.017458862826667327
1.4224421388888888 0.0 0.006606433693612012 0.017458862826667327
1.4137155 -0.2908879629629639 0.0076921567256453644 0.03564517827111177
1.4137155 0.0 0.008761512073778718 0.03564517827111177
1.396262222222222 -0.5817759259259278 0.010392824569145405 0.05383149371555621
1.3788089444444442 -0.5817759259259278 0.01200776938061209 0.05383149371555621
1.326449111111111 -1.7453277777777758 0.013622714192078776 0.05383149371555621
1.2740892777777777 -1.7453277777777758 0.009730478960658795 -0.12439439763999934
1.2042761666666666 -2.3271037037037035 0.0048747327369921475 -0.16076702852888822
1.169369611111111 -1.1635518518518555 0.0022995504700588343 -0.08802176675111044
1.160642972222222 -0.2908879629629639 0.004042163215945521 0.05383149371555621
1.160642972222222 0.0 0.005657108027412207 0.05383149371555621
1.160642972222222 0.0 0.007272052838878894 0.05383149371555621
1.1519163333333333 -0.2908879629629565 0.00720112620864558 -0.0007274526177771161
1.1431896944444444 -0.2908879629629639 0.006617345482878934 -0.01891376806222156
1.1344630555555555 -0.2908879629629639 0.006611889588245621 -0.0007274526177771161
1.1344630555555555 0.0 0.00715202315694564 0.017458862826667327
1.1344630555555555 0.0 0.00767578904174566 0.017458862826667327
1.1344630555555555 0.0 0.007637597779312347 -0.0007274526177771161
1.1344630555555555 0.0 0.007615774200779034 -0.0007274526177771161
1.1344630555555555 0.0 0.007593950622245721 -0.0007274526177771161
1.1344630555555555 0.0 0.007010169896479074 -0.01891376806222156
1.1344630555555555 0.0 0.0058807997073790945 -0.03710008350666601
1.1344630555555555 0.0 0.004767797202179114 -0.03710008350666601
1.1344630555555555 0.0 0.0032052289791924676 -0.05164913586222155
1.1344630555555555 0.0 0.0016557549033258212 -0.05164913586222155
1.1519163333333333 0.5817759259259278 -0.0004556763197741589 -0.069835451306666
1.1780962499999998 0.8726638888888842 -0.0031126970062074722 -0.08802176675111044
1.2304560833333331 1.7453277777777758 -0.005191392861507453 -0.069835451306666
1.317722472222222 2.9088796296296313 0.0031659465378325643 0.2684300159600006
1.3875355833333332 2.3271037037037035 0.007847104133232584 0.159312123293334
1.4224421388888888 1.1635518518518555 0.006107764924125937 -0.05164913586222155
1.4398954166666664 0.5817759259259203 0.005007856566045957 -0.03710008350666601
1.4573486944444443 0.5817759259259278 0.0044568112080793105 -0.01891376806222156
1.474801972222222 0.5817759259259278 0.003889398166212664 -0.01891376806222156
1.49225525 0.5817759259259278 0.0038839422715793506 -0.0007274526177771161
1.5097085277777775 0.5817759259259203 0.003862118693046037 -0.0007274526177771161
1.5271618055555554 0.5817759259259278 0.004402252261746057 0.017458862826667327
1.5358884444444443 0.2908879629629639 0.004364060999312744 -0.0007274526177771161
1.5446150833333332 0.2908879629629639 0.004342237420779431 -0.0007274526177771161
1.5446150833333332 0.0 0.003196499547779451 -0.03710008350666601
1.553341722222222 0.2908879629629639 0.002645454189812804 -0.01891376806222156
1.553341722222222 0.0 0.002639998295179491 -0.0007274526177771161
1.570795 0.5817759259259278 0.003180131863879511 0.017458862826667327
1.570795 0.0 0.003703897748679531 0.017458862826667327
1.5795216388888886 0.2908879629629565 0.004789620780712884 0.03564517827111177
1.5795216388888886 0.0 0.0052970189816129035 0.017458862826667327
1.570795 -0.2908879629629565 0.005820784866412923 0.017458862826667327
1.570795 0.0 0.0063445507512129426 0.017458862826667327
1.570795 0.0 0.007430273783246295 0.03564517827111177
1.570795 0.0 0.008499629131379648 0.03564517827111177
1.562068361111111 -0.2908879629629639 0.010130941626746335 0.05383149371555621
1.553341722222222 -0.2908879629629639 0.01174588643821302 0.05383149371555621
1.5184351666666664 -1.1635518518518555 0.013360831249679706 0.05383149371555621
1.4660753333333332 -1.7453277777777758 0.014413818913913058 0.03564517827111177
1.404988861111111 -2.0362157407407397 0.005592728470739746 -0.28443397355111044
1.3351757499999999 -2.3271037037037035 -0.00024289642907356784 -0.1971396594177771
1.3351757499999999 0.0 0.003733359579699785 0.1229394924044451
1.3439023888888888 0.2908879629629639 0.006971978634046471 0.10839044004888954
1.326449111111111 -0.5817759259259278 0.010223691835513157 0.10839044004888954
1.3089958333333331 -0.5817759259259278 0.008979747859113176 -0.03710008350666601
1.2653626388888888 -1.4544398148148119 0.0051693510471931955 -0.12439439763999934
1.247909361111111 -0.5817759259259278 0.004134913424713216 -0.03710008350666601
1.247909361111111 0.0 0.005831696655679902 0.05383149371555621
1.247909361111111 0.0 0.006884684319913255 0.03564517827111177
1.247909361111111 0.0 0.0068301253735799415 -0.0007274526177771161
1.247909361111111 0.0 0.007370258942279961 0.017458862826667327
1.247909361111111 0.0 0.00789402482707998 0.017458862826667327
1.247909361111111 0.0 0.007855833564646666 -0.0007274526177771161
1.247909361111111 0.0 0.008957924280580018 0.03564517827111177
1.247909361111111 0.0 0.008903365334246705 -0.0007274526177771161
1.239182722222222 -0.2908879629629639 0.007757627461246724 -0.03710008350666601
1.239182722222222 0.0 0.006644624956046744 -0.03710008350666601
1.239182722222222 0.0 0.006093579598080098 -0.01891376806222156
1.247909361111111 0.2908879629629639 0.004964209408980118 -0.03710008350666601
1.247909361111111 0.0 0.0038512069037801378 -0.03710008350666601
1.2566359999999999 0.2908879629629639 0.0027382043985801578 -0.03710008350666601
1.2740892777777777 0.5817759259259278 0.0011756361755935114 -0.05164913586222155
1.2915425555555555 0.5817759259259278 7.572781751353113e-05 -0.03710008350666601
1.3439023888888888 1.7453277777777758 -0.0010372746876864492 -0.03710008350666601
1.396262222222222 1.7453277777777758 0.0027949457027669038 0.1229394924044451
1.4486220555555553 1.7453277777777758 0.00603356475711359 0.10839044004888954
1.4660753333333332 0.5817759259259278 0.007599406516880276 0.05383149371555621
1.474801972222222 0.2908879629629639 0.005393042727160296 -0.069835451306666
1.483528611111111 0.2908879629629639 0.0038599363351936498 -0.05164913586222155
1.49225525 0.2908879629629639 0.0038839422715803364 -0.0007274526177771161
1.5009818888888886 0.2908879629629565 0.004424075840280356 0.017458862826667327
1.5097085277777775 0.2908879629629639 0.0038239274306137096 -0.01891376806222156
1.5097085277777775 0.0 0.002694557241513729 -0.03710008350666601
1.5184351666666664 0.2908879629629639 0.002143511883547082 -0.01891376806222156
1.5271618055555554 0.2908879629629639 0.0032619702833804353 0.03564517827111177
1.5446150833333332 0.5817759259259278 0.004893282778747121 0.05383149371555621
1.5446150833333332 0.0 0.004822356148513808 -0.0007274526177771161
1.5446150833333332 0.0 0.004800532569980495 -0.0007274526177771161
1.5446150833333332 0.0 0.004778708991447182 -0.0007274526177771161
1.5446150833333332 0.0 0.004756885412913869 -0.0007274526177771161
1.5446150833333332 0.0 0.005297018981613888 0.017458862826667327
1.5446150833333332 0.0 0.0058207848664139075 0.017458862826667327
1.5446150833333332 0.0 0.005782593603980595 -0.0007274526177771161
1.5446150833333332 0.0 0.006322727172680614 0.017458862826667327
1.5446150833333332 0.0 0.0068464930574806335 0.017458862826667327
1.5358884444444443 -0.2908879629629639 0.007932216089513987 0.03564517827111177
1.5271618055555554 -0.2908879629629639 0.00900157143764734 0.03564517827111177
1.5184351666666664 -0.2908879629629639 0.010070926785780693 0.03564517827111177
1.5009818888888886 -0.5817759259259278 0.01170223928114738 0.05383149371555621
1.4660753333333332 -1.1635518518518482 0.0138791412398474 0.07201780916000065
1.404988861111111 -2.0362157407407397 0.011094452618994086 -0.08802176675111044
1.3439023888888888 -2.0362157407407397 0.00620597102752744 -0.16076702852888822
1.3002691944444442 -1.4544398148148194 0.0013829601716607931 -0.16076702852888822
1.2915425555555555 -0.2908879629629565 0.002067129358680813 0.017458862826667327
1.3002691944444442 0.2908879629629565 0.002590895243480833 0.017458862826667327
1.3089958333333331 0.2908879629629639 0.003676618275514186 0.03564517827111177
1.3089958333333331 0.0 0.004184016476414206 0.017458862826667327
1.3089958333333331 0.0 0.005269739508447559 0.03564517827111177
1.3089958333333331 0.0 0.005777137709347579 0.017458862826667327
1.3089958333333331 0.0 0.006300903594147598 0.017458862826667327
1.3089958333333331 0.0 0.006824669478947618 0.017458862826667327
1.3002691944444442 -0.2908879629629639 0.007348435363747637 0.017458862826667327
1.2915425555555555 -0.2908879629629565 0.007310244101314325 -0.0007274526177771161
1.2828159166666666 -0.2908879629629639 0.0072884205227810115 -0.0007274526177771161
1.2828159166666666 0.0 0.007266596944247698 -0.0007274526177771161
1.2915425555555555 0.2908879629629639 0.007244773365714385 -0.0007274526177771161
1.2915425555555555 0.0 0.007222949787181072 -0.0007274526177771161
1.2915425555555555 0.0 0.006639169061414426 -0.01891376806222156
1.2915425555555555 0.0 0.006071756019547779 -0.01891376806222156
1.2915425555555555 0.0 0.005504342977681133 -0.01891376806222156
1.2915425555555555 0.0 0.004936929935814486 -0.01891376806222156
1.2915425555555555 0.0 0.00436951689394784 -0.01891376806222156
1.2915425555555555 0.0 0.003802103852081193 -0.01891376806222156
1.2915425555555555 0.0 0.002672733662981213 -0.03710008350666601
1.3002691944444442 0.2908879629629565 0.0011101654399945666 -0.05164913586222155
1.317722472222222 0.5817759259259278 1.0257081914586329e-05 -0.03710008350666601
1.3613556666666664 1.4544398148148119 -0.001102745423285394 -0.03710008350666601
1.404988861111111 1.4544398148148194 -0.0005298764867853743 0.017458862826667327
1.4660753333333332 2.0362157407407397 0.008198463747621312 0.2829790683155562
1.5097085277777775 1.4544398148148119 0.013428484343134664 0.17749843873777843
1.49225525 -0.5817759259259203 0.011672777450128017 -0.05164913586222155
1.4573486944444443 -1.1635518518518555 0.009561346227028035 -0.069835451306666
1.4398954166666664 -0.5817759259259278 0.007466282687828055 -0.069835451306666
1.4224421388888888 -0.5817759259259203 0.005371219148628075 -0.069835451306666
1.4224421388888888 0.0 0.004849635621681428 -0.01891376806222156
1.4224421388888888 0.0 0.004844179727048115 -0.0007274526177771161
1.4224421388888888 0.0 0.004822356148514802 -0.0007274526177771161
1.4224421388888888 0.0 0.004800532569981489 -0.0007274526177771161
1.4224421388888888 0.0 0.004778708991448176 -0.0007274526177771161
1.4224421388888888 0.0 0.004756885412914863 -0.0007274526177771161
1.4224421388888888 0.0 0.00473506183438155 -0.0007274526177771161
1.4224421388888888 0.0 0.0047132382558482365 -0.0007274526177771161
1.4224421388888888 0.0 0.004691414677314923 -0.0007274526177771161
1.4224421388888888 0.0 0.005231548246014943 0.017458862826667327
1.4224421388888888 0.0 0.00519335698358163 -0.0007274526177771161
1.4224421388888888 0.0 0.005171533405048317 -0.0007274526177771161
1.4224421388888888 0.0 0.005149709826515004 -0.0007274526177771161
1.4224421388888888 0.0 0.005127886247981691 -0.0007274526177771161
1.4224421388888888 0.0 0.0051060626694483776 -0.0007274526177771161
1.4224421388888888 0.0 0.0050842390909150645 -0.0007274526177771161
1.4224421388888888 0.0 0.005062415512381751 -0.0007274526177771161
1.4224421388888888 0.0 0.005040591933848438 -0.0007274526177771161
1.4224421388888888 0.0 0.005018768355315125 -0.0007274526177771161
1.4224421388888888 0.0 0.004996944776781812 -0.0007274526177771161
1.4224421388888888 0.0 0.004975121198248499 -0.0007274526177771161
1.4224421388888888 0.0 0.004953297619715186 -0.0007274526177771161
1.4224421388888888 0.0 0.004931474041181873 -0.0007274526177771161
1.4224421388888888 0.0 0.00490965046264856 -0.0007274526177771161
1.4224421388888888 0.0 0.004887826884115247 -0.0007274526177771161
1.4224421388888888 0.0 0.005427960452815266 0.017458862826667327
1.4224421388888888 0.0 0.005951726337615286 0.017458862826667327
1.4224421388888888 0.0 0.005913535075181973 -0.0007274526177771161
1.4224421388888888 0.0 0.00589171149664866 -0.0007274526177771161
1.4224421388888888 0.0 0.006431845065348679 0.017458862826667327
1.4224421388888888 0.0 0.0069556109501486985 0.017458862826667327
1.4224421388888888 0.0 0.007479376834948718 0.017458862826667327
1.4137155 -0.2908879629629639 0.008003142719748738 0.017458862826667327
1.4137155 0.0 0.008526908604548758 0.017458862826667327
1.404988861111111 -0.2908879629629639 0.009050674489348778 0.017458862826667327
1.396262222222222 -0.2908879629629639 0.009574440374148799 0.017458862826667327
1.396262222222222 0.0 0.008974291964482153 -0.01891376806222156
1.3788089444444442 -0.5817759259259278 0.008406878922615506 -0.01891376806222156
1.3788089444444442 0.0 0.008963380175215526 0.017458862826667327
1.3700823055555553 -0.2908879629629639 0.009487146060015546 0.017458862826667327
1.3700823055555553 0.0 0.010010911944815567 0.017458862826667327
1.3613556666666664 -0.2908879629629639 0.00941076353514892 -0.01891376806222156
1.3613556666666664 0.0 0.008843350493282274 -0.01891376806222156
1.3526290277777777 -0.2908879629629565 0.008837894598648961 -0.0007274526177771161
1.3526290277777777 0.0 0.009378028167348982 0.017458862826667327
1.3439023888888888 -0.2908879629629639 0.008777879757682336 -0.01891376806222156
1.3439023888888888 0.0 0.008772423863049023 -0.0007274526177771161
1.3439023888888888 0.0 0.008750600284515709 -0.0007274526177771161
1.3439023888888888 0.0 0.008728776705982395 -0.0007274526177771161
1.3439023888888888 0.0 0.009268910274682416 0.017458862826667327
1.3439023888888888 0.0 0.009230719012249101 -0.0007274526177771161
1.3439023888888888 0.0 0.009208895433715787 -0.0007274526177771161
1.3439023888888888 0.0 0.009187071855182473 -0.0007274526177771161
1.3439023888888888 0.0 0.00916524827664916 -0.0007274526177771161
1.3439023888888888 0.0 0.009143424698115845 -0.0007274526177771161
1.3439023888888888 0.0 0.008559643972349198 -0.01891376806222156
1.3439023888888888 0.0 0.008554188077715885 -0.0007274526177771161
1.3439023888888888 0.0 0.008532364499182571 -0.0007274526177771161
1.3439023888888888 0.0 0.008510540920649257 -0.0007274526177771161
1.3439023888888888 0.0 0.00792676019488261 -0.01891376806222156
1.3439023888888888 0.0 0.007921304300249296 -0.0007274526177771161
1.3439023888888888 0.0 0.00733752357448265 -0.01891376806222156
1.3439023888888888 0.0 0.006770110532616004 -0.01891376806222156
1.3439023888888888 0.0 0.006202697490749357 -0.01891376806222156
1.3439023888888888 0.0 0.0056352844488827105 -0.01891376806222156
1.3439023888888888 0.0 0.005067871407016064 -0.01891376806222156
1.3439023888888888 0.0 0.004500458365149417 -0.01891376806222156
1.3439023888888888 0.0 0.003371088176049437 -0.03710008350666601
1.3439023888888888 0.0 0.0022580856708494567 -0.03710008350666601
1.3526290277777777 0.2908879629629639 0.0011450831656494764 -0.03710008350666601
1.3788089444444442 0.8726638888888842 -0.00041748505733717 -0.05164913586222155
1.4224421388888888 1.4544398148148194 -0.0019669591332038164 -0.05164913586222155
1.474801972222222 1.7453277777777758 0.0008668325393495362 0.09020412460444509
1.5358884444444443 2.0362157407407397 0.007394264878669554 0.2138710696266673
1.570795 1.1635518518518555 0.00886517407181624 0.05383149371555621
1.5795216388888886 0.2908879629629565 0.007220767429329594 -0.05164913586222155
1.5795216388888886 0.0 0.005671293353462947 -0.05164913586222155
1.5795216388888886 0.0 0.005133342142616301 -0.01891376806222156
1.5795216388888886 0.0 0.004565929100749654 -0.01891376806222156
1.5795216388888886 0.0 0.003436558911649674 -0.03710008350666601
1.5795216388888886 0.0 0.002885513553683027 -0.01891376806222156
1.5882482777777776 0.2908879629629639 0.00231810051181638 -0.01891376806222156
1.5882482777777776 0.0 0.0017506874699497333 -0.01891376806222156
1.5969749166666665 0.2908879629629639 0.0017452315753164198 -0.0007274526177771161
1.6144281944444443 0.5817759259259278 0.003409279438483106 0.05383149371555621
1.6231548333333332 0.2908879629629639 0.004462267102716459 0.03564517827111177
1.6231548333333332 0.0 0.004407708156383146 -0.0007274526177771161
1.6231548333333332 0.0 0.004385884577849833 -0.0007274526177771161
1.6231548333333332 0.0 0.00436406099931652 -0.0007274526177771161
1.6231548333333332 0.0 0.004904194568016539 0.017458862826667327
1.6231548333333332 0.0 0.0054279604528165585 0.017458862826667327
1.6231548333333332 0.0 0.005951726337616578 0.017458862826667327
1.6231548333333332 0.0 0.0064754922224165975 0.017458862826667327
1.6231548333333332 0.0 0.00756121525444995 0.03564517827111177
1.6231548333333332 0.0 0.008630570602583303 0.03564517827111177
1.6144281944444443 -0.2908879629629639 0.01026188309794999 0.05383149371555621
1.5969749166666665 -0.5817759259259278 0.011876827909416675 0.05383149371555621
1.562068361111111 -1.1635518518518482 0.01349177272088336 0.05383149371555621
1.5184351666666664 -1.4544398148148194 0.01566867467958338 0.07201780916000065
1.4486220555555553 -2.3271037037037035 0.0056909345741434 -0.3208066044399993
1.3788089444444442 -2.3271037037037035 -0.002809349264589912 -0.28443397355111044
1.3788089444444442 0.0 0.0007959059091167739 0.10839044004888954
1.4137155 1.1635518518518555 0.0034856619633501264 0.09020412460444509
1.4137155 0.0 0.0050678714070168124 0.05383149371555621
1.4224421388888888 0.2908879629629639 0.006120859071250166 0.03564517827111177
1.4224421388888888 0.0 0.0066282572721501854 0.017458862826667327
1.4137155 -0.2908879629629639 0.006590066009716873 -0.0007274526177771161
1.4137155 0.0 0.007130199578416892 0.017458862826667327
1.4137155 0.0 0.006530051168750245 -0.01891376806222156
1.4224421388888888 0.2908879629629639 0.005962638126883598 -0.01891376806222156
1.4224421388888888 0.0 0.005395225085016952 -0.01891376806222156
1.4224421388888888 0.0 0.004265854895916972 -0.03710008350666601
1.4224421388888888 0.0 0.003152852390716992 -0.03710008350666601
1.4311687777777777 0.2908879629629639 0.002039849885517012 -0.03710008350666601
1.4486220555555553 0.5817759259259203 0.0009268473803170317 -0.03710008350666601
1.474801972222222 0.8726638888888916 -0.00018615512488294851 -0.03710008350666601
1.5184351666666664 1.4544398148148119 0.004208022412803739 0.14112580784888956
1.553341722222222 1.1635518518518555 0.007879839501037092 0.1229394924044451
1.562068361111111 0.2908879629629639 0.0066228013775171115 -0.03710008350666601
1.562068361111111 0.0 0.005060233154530465 -0.05164913586222155
1.562068361111111 0.0 0.003510759078663818 -0.05164913586222155
1.5795216388888886 0.5817759259259203 0.0019612850027971715 -0.05164913586222155
1.5882482777777776 0.2908879629629639 0.0014233337919505246 -0.01891376806222156
1.6231548333333332 1.1635518518518555 0.003103749339017211 0.05383149371555621
1.6406081111111108 0.5817759259259203 0.004718694150483897 0.05383149371555621
1.6580613888888887 0.5817759259259278 0.00577168181471725 0.03564517827111177
1.6580613888888887 0.0 0.00459320857391727 -0.03710008350666601
1.6580613888888887 0.0 0.00348020606871729 -0.03710008350666601
1.6580613888888887 0.0 0.0019176378457306438 -0.05164913586222155
1.6755146666666665 0.5817759259259278 0.001379686634883997 -0.01891376806222156
1.6929679444444443 0.5817759259259278 0.00249814503471735 0.03564517827111177
1.7191478611111108 0.8726638888888842 0.004691414677317369 0.07201780916000065
1.7366011388888887 0.5817759259259278 0.005166077510417389 0.017458862826667327
1.7366011388888887 0.0 0.004565929100750742 -0.01891376806222156
1.7366011388888887 0.0 0.003998516058884095 -0.01891376806222156
1.7366011388888887 0.0 0.0034311030170174487 -0.01891376806222156
1.7366011388888887 0.0 0.002863689975150802 -0.01891376806222156
1.7366011388888887 0.0 0.0034201912277508216 0.017458862826667327
1.7366011388888887 0.0 0.003381999965317508 -0.0007274526177771161
1.7366011388888887 0.0 0.0033601763867841944 -0.0007274526177771161
1.7366011388888887 0.0 0.003338352808250881 -0.0007274526177771161
1.7366011388888887 0.0 0.0033165292297175674 -0.0007274526177771161
1.7366011388888887 0.0 0.003294705651184254 -0.0007274526177771161
1.7366011388888887 0.0 0.0032728820726509403 -0.0007274526177771161
1.7366011388888887 0.0 0.003251058494117627 -0.0007274526177771161
1.7366011388888887 0.0 0.0032292349155843133 -0.0007274526177771161
1.7366011388888887 0.0 0.003207411337051 -0.0007274526177771161
1.7366011388888887 0.0 0.0031855877585176863 -0.0007274526177771161
1.7366011388888887 0.0 0.003163764179984373 -0.0007274526177771161
1.7366011388888887 0.0 0.0031419406014510593 -0.0007274526177771161
1.7366011388888887 0.0 0.0031201170229177458 -0.0007274526177771161
1.7366011388888887 0.0 0.0030982934443844323 -0.0007274526177771161
1.7366011388888887 0.0 0.003638427013084452 0.017458862826667327
1.7366011388888887 0.0 0.0036002357506511383 -0.0007274526177771161
1.7366011388888887 0.0 0.0035784121721178248 -0.0007274526177771161
1.7366011388888887 0.0 0.004118545740817844 0.017458862826667327
1.7366011388888887 0.0 0.004080354478384531 -0.0007274526177771161
1.7366011388888887 0.0 0.004058530899851218 -0.0007274526177771161
1.7366011388888887 0.0 0.0045986644685512374 0.017458862826667327
1.7366011388888887 0.0 0.005122430353351257 0.017458862826667327
1.7366011388888887 0.0 0.0056461962381512765 0.017458862826667327
1.7366011388888887 0.0 0.006169962122951296 0.017458862826667327
1.7366011388888887 0.0 0.0066937280077513156 0.017458862826667327
1.7366011388888887 0.0 0.007217493892551335 0.017458862826667327
1.7366011388888887 0.0 0.007741259777351355 0.017458862826667327
1.7366011388888887 0.0 0.008265025662151374 0.017458862826667327
1.7366011388888887 0.0 0.008788791546951395 0.017458862826667327
1.7366011388888887 0.0 0.009874514578984748 0.03564517827111177
1.7278744999999998 -0.2908879629629639 0.010943869927118101 0.03564517827111177
1.7104212222222221 -0.5817759259259203 0.012575182422484787 0.05383149371555621
1.6755146666666665 -1.1635518518518555 0.01362817008671814 0.03564517827111177
1.6318814722222221 -1.4544398148148119 0.01143817398089816 -0.069835451306666
1.5795216388888886 -1.7453277777777831 0.004397887546044848 -0.2298750272177771
1.5446150833333332 -1.1635518518518482 0.002446859625164868 -0.069835451306666
1.553341722222222 0.2908879629629639 0.0063085418466382204 0.1229394924044451
1.553341722222222 0.0 0.008985203753751572 0.09020412460444509
1.5358884444444443 -0.5817759259259278 0.009443498902951592 0.017458862826667327
1.5097085277777775 -0.8726638888888916 0.007831827628264945 -0.05164913586222155
1.49225525 -0.5817759259259203 0.005158439257931631 -0.08802176675111044
1.49225525 0.0 0.004653223414884985 -0.01891376806222156
1.5009818888888886 0.2908879629629565 0.004085810373018338 -0.01891376806222156
1.5184351666666664 0.5817759259259278 0.0035183973311516915 -0.01891376806222156
1.5358884444444443 0.5817759259259278 0.0023890271420517113 -0.03710008350666601
1.553341722222222 0.5817759259259278 0.001276024636851731 -0.03710008350666601
1.5882482777777776 1.1635518518518482 -0.0002865435861349154 -0.05164913586222155
1.6406081111111108 1.7453277777777758 0.005806599540371771 0.19568475418222286
1.6842413055555554 1.4544398148148194 0.011115185018605122 0.17749843873777843
1.6929679444444443 0.2908879629629639 0.008797520978365144 -0.069835451306666
1.6755146666666665 -0.5817759259259278 0.00614050029193183 -0.08802176675111044
1.6755146666666665 0.0 0.00406180443663185 -0.069835451306666
1.6929679444444443 0.5817759259259278 0.0025286980446652036 -0.05164913586222155
1.7104212222222221 0.5817759259259278 0.0042385754227518896 0.05383149371555621
1.7453277777777776 1.1635518518518482 0.004729605939751909 0.017458862826667327
1.7540544166666665 0.2908879629629639 0.003117934665065262 -0.05164913586222155
1.780234333333333 0.8726638888888842 0.002018026306985282 -0.03710008350666601
1.8064142499999998 0.8726638888888916 0.0037148095379519685 0.05383149371555621
1.8413208055555554 1.1635518518518555 0.005891711496651988 0.07201780916000065
1.858774083333333 0.5817759259259203 0.005804417182518675 -0.0007274526177771161
1.8762273611111109 0.5817759259259278 0.004209113591732028 -0.05164913586222155
1.8936806388888887 0.5817759259259278 0.0036711623808853818 -0.01891376806222156
1.9111339166666665 0.5817759259259278 0.004227663633485402 0.017458862826667327
1.937313833333333 0.8726638888888842 0.0053133866655187545 0.03564517827111177
1.954767111111111 0.5817759259259278 0.005258827719185441 -0.0007274526177771161
1.9722203888888887 0.5817759259259278 0.005237004140652128 -0.0007274526177771161
1.9896736666666666 0.5817759259259278 0.004653223414885482 -0.01891376806222156
2.0071269444444444 0.5817759259259278 0.004647767520252168 -0.0007274526177771161
2.0245802222222222 0.5817759259259278 0.005187901088952188 0.017458862826667327
2.0507601388888888 0.8726638888888842 0.005149709826518875 -0.0007274526177771161
2.0682134166666666 0.5817759259259278 0.004565929100752228 -0.01891376806222156
2.0856666944444444 0.5817759259259278 0.005122430353352248 0.017458862826667327
2.103119972222222 0.581775925925913 0.006208153385385601 0.03564517827111177
2.1205732499999996 0.5817759259259278 0.006715551586285621 0.017458862826667327
2.1292998888888888 0.29088796296297126 0.005553446029385641 -0.03710008350666601
2.1467531666666666 0.5817759259259278 0.005002400671418994 -0.01891376806222156
2.164206444444444 0.581775925925913 0.006120859071252347 0.03564517827111177
2.172933083333333 0.29088796296297126 0.007752171566619033 0.05383149371555621
2.181659722222222 0.2908879629629565 0.008243202083619054 0.017458862826667327
2.181659722222222 0.0 0.00820501082118574 -0.0007274526177771161
2.181659722222222 0.0 0.007621230095419093 -0.01891376806222156
2.181659722222222 0.0 0.007053817053552447 -0.01891376806222156
2.181659722222222 0.0 0.0070483611589191334 -0.0007274526177771161
2.181659722222222 0.0 0.00702653758038582 -0.0007274526177771161
2.181659722222222 0.0 0.007004714001852507 -0.0007274526177771161
2.181659722222222 0.0 0.007544847570552527 0.017458862826667327
2.181659722222222 0.0 0.008068613455352546 0.017458862826667327
2.181659722222222 0.0 0.008592379340152567 0.017458862826667327
2.181659722222222 0.0 0.00967810237218592 0.03564517827111177
2.181659722222222 0.0 0.010747457720319273 0.03564517827111177
2.181659722222222 0.0 0.011816813068452626 0.03564517827111177
2.164206444444444 -0.5817759259259278 0.013448125563819312 0.05383149371555621
2.1380265277777775 -0.8726638888888842 0.014501113228052665 0.03564517827111177
2.103119972222222 -1.1635518518518555 0.01613242572341935 0.05383149371555621
2.0507601388888888 -1.7453277777777685 0.01167823334476604 -0.14258071308444376
1.9809470277777776 -2.3271037037037035 0.0062768976577660595 -0.17895334397333268
1.9634937499999998 -0.5817759259259278 0.00428004022196608 -0.069835451306666
1.9722203888888887 0.2908879629629639 0.0065682424311861 0.07201780916000065
1.9722203888888887 0.0 0.007042905264286119 0.017458862826667327
1.9722203888888887 0.0 0.008128628296319473 0.03564517827111177
1.9722203888888887 0.0 0.008636026497219493 0.017458862826667327
1.9722203888888887 0.0 0.009159792382019513 0.017458862826667327
1.9722203888888887 0.0 0.009683558266819534 0.017458862826667327
1.9722203888888887 0.0 0.009645367004386219 -0.0007274526177771161
1.9634937499999998 -0.2908879629629639 0.01018550057308624 0.017458862826667327
1.9634937499999998 0.0 0.010147309310652925 -0.0007274526177771161
1.9634937499999998 0.0 0.009001571437652945 -0.03710008350666601
1.9634937499999998 0.0 0.008450526079686299 -0.01891376806222156
1.9634937499999998 0.0 0.007883113037819653 -0.01891376806222156
1.9634937499999998 0.0 0.007315699995953006 -0.01891376806222156
1.9634937499999998 0.0 0.006186329806853026 -0.03710008350666601
1.9722203888888887 0.2908879629629639 0.005635284448886379 -0.01891376806222156
1.9809470277777776 0.2908879629629639 0.004056348541999733 -0.05164913586222155
2.0071269444444444 0.8726638888888916 0.002506874466133086 -0.05164913586222155
2.0420334999999996 1.1635518518518406 0.0009574003902664398 -0.05164913586222155
2.094393333333333 1.7453277777777831 0.0048027149278397924 0.1229394924044451
2.1467531666666666 1.7453277777777831 0.008490899699973145 0.1229394924044451
2.181659722222222 1.1635518518518406 0.010605604459853165 0.07201780916000065
2.1991129999999997 0.5817759259259278 0.009956352998486519 -0.01891376806222156
2.190386361111111 -0.2908879629629565 0.00781545994436654 -0.069835451306666
2.1991129999999997 0.2908879629629565 0.00572039640516656 -0.069835451306666
2.1991129999999997 0.0 0.005198812878219913 -0.01891376806222156
2.2252929166666666 0.872663888888899 0.005755314130819933 0.017458862826667327
2.242746194444444 0.581775925925913 0.006279080015619953 0.017458862826667327
2.260199472222222 0.5817759259259278 0.006802845900419972 0.017458862826667327
2.260199472222222 0.0 0.007326611785219992 0.017458862826667327
2.268926111111111 0.29088796296297126 0.006726463375553345 -0.01891376806222156
2.268926111111111 0.0 0.006159050333686698 -0.01891376806222156
2.268926111111111 0.0 0.006153594439053385 -0.0007274526177771161
2.268926111111111 0.0 0.0055698137132867385 -0.01891376806222156
2.268926111111111 0.0 0.005002400671420092 -0.01891376806222156
2.268926111111111 0.0 0.0044349876295534454 -0.01891376806222156
2.2776527499999997 0.2908879629629565 0.004429531734920132 -0.0007274526177771161
2.2776527499999997 0.0 0.0049696653036201514 0.017458862826667327
2.286379388888889 0.29088796296297126 0.005493431188420171 0.017458862826667327
2.2951060277777775 0.2908879629629565 0.0060171970732201905 0.017458862826667327
2.2951060277777775 0.0 0.00654096295802021 0.017458862826667327
2.286379388888889 -0.2908879629629565 0.0070647288428202296 0.017458862826667327
2.286379388888889 0.0 0.007026537580386917 -0.0007274526177771161
2.286379388888889 0.0 0.007566671149086936 0.017458862826667327
2.286379388888889 0.0 0.008090437033886956 0.017458862826667327
2.286379388888889 0.0 0.008614202918686977 0.017458862826667327
2.286379388888889 0.0 0.009137968803486997 0.017458862826667327
2.286379388888889 0.0 0.009661734688287018 0.017458862826667327
2.286379388888889 0.0 0.010747457720320371 0.03564517827111177
2.286379388888889 0.0 0.011816813068453724 0.03564517827111177
2.286379388888889 0.0 0.012886168416587077 0.03564517827111177
2.268926111111111 -0.5817759259259278 0.015079438059187097 0.07201780916000065
2.242746194444444 -0.872663888888899 0.016678015186753783 0.05383149371555621
2.190386361111111 -1.7453277777777685 0.017731002850987138 0.03564517827111177
2.1205732499999996 -2.327103703703711 0.008347955260580492 -0.3026202889955548
2.0594867777777774 -2.0362157407407397 0.0009552180324138456 -0.24806134266222155
2.0594867777777774 0.0 0.0028418663966205317 0.05383149371555621
2.0856666944444444 0.872663888888899 0.004456811208087218 0.05383149371555621
2.103119972222222 0.581775925925913 0.006071756019553905 0.05383149371555621
2.1205732499999996 0.5817759259259278 0.006562786536553924 0.017458862826667327
