0.0 0.0 -2.2478285889312885e-05 -0.0007274526177771161
0.0 0.0 -4.430186442262637e-05 -0.0007274526177771161
0.0 0.0 -6.612544295593985e-05 -0.0007274526177771161
0.0 0.0 -8.794902148925334e-05 -0.0007274526177771161
0.0 0.0 -0.0006717297472559001 -0.01891376806222156
0.0 0.0 -0.0022506656541425463 -0.05164913586222155
0.017453277777777776 0.5817759259259259 -0.003800139730009193 -0.05164913586222155
0.03490655555555555 0.5817759259259259 -0.00433809094085584 -0.01891376806222156
0.061086472222222216 0.8726638888888888 -0.001533761099322487 0.09020412460444509
0.08726638888888888 0.8726638888888888 -0.0005135088028891341 0.03564517827111177
0.08726638888888888 0.0 -0.0011300248964557808 -0.01891376806222156
0.08726638888888888 0.0 -0.0016974379383224276 -0.01891376806222156
0.09599302777777777 0.29088796296296293 -0.001702893832955741 -0.0007274526177771161
0.09599302777777777 0.0 -0.0011627602642557214 0.017458862826667327
0.09599302777777777 0.0 -0.0006389943794557016 0.017458862826667327
0.09599302777777777 0.0 0.0004467286525776514 0.03564517827111177
0.09599302777777777 0.0 0.0015160840007110044 0.03564517827111177
0.08726638888888888 -0.29088796296296293 0.003147396496077691 0.05383149371555621
0.07853974999999999 -0.29088796296296293 0.0042003841603110445 0.03564517827111177
0.05235983333333333 -0.8726638888888888 0.004707782361211064 0.017458862826667327
0.017453277777777776 -1.1635518518518517 0.005231548246011084 0.017458862826667327
-0.017453277777777776 -1.1635518518518517 0.0019340055296244375 -0.10620808219555487
-0.061086472222222216 -1.4544398148148148 -0.004062022672408875 -0.1971396594177771
-0.0698131111111111 -0.29088796296296293 -0.005030989559288855 -0.03710008350666601
-0.061086472222222216 0.29088796296296293 -0.0038961634755555023 0.03564517827111177
-0.04363319444444444 0.5817759259259259 -0.0022648509801888156 0.05383149371555621
-0.03490655555555555 0.29088796296296293 -0.0017738204631887959 0.017458862826667327
-0.026179916666666664 0.29088796296296293 -0.0012500545783887761 0.017458862826667327
-0.026179916666666664 0.0 -0.0007262886935887564 0.017458862826667327
-0.026179916666666664 0.0 -0.00020252280878873662 0.017458862826667327
-0.026179916666666664 0.0 0.0008832002232446164 0.03564517827111177
-0.026179916666666664 0.0 0.002514512718611303 0.05383149371555621
-0.04363319444444444 -0.5817759259259259 0.0035675003828446556 0.03564517827111177
-0.061086472222222216 -0.5817759259259259 0.005198812878211342 0.05383149371555621
-0.09599302777777777 -1.1635518518518517 0.004565929100744695 -0.01891376806222156
-0.1396262222222222 -1.4544398148148148 0.002425036046624715 -0.069835451306666
-0.16580613888888887 -0.8726638888888888 -0.000793941787041931 -0.10620808219555487
-0.18325941666666665 -0.5817759259259259 -0.0001588756517219113 0.017458862826667327
-0.19198605555555553 -0.29088796296296293 0.003174675969244775 0.10839044004888954
-0.20071269444444442 -0.29088796296296293 0.004178560581778128 0.03564517827111177
-0.24434588888888886 -1.4544398148148148 0.003000087340978148 -0.03710008350666601
-0.2705258055555555 -0.8726638888888879 0.0014375191179915015 -0.05164913586222155
-0.30543236111111105 -1.1635518518518517 0.0008995679071448548 -0.01891376806222156
-0.31415899999999997 -0.2908879629629639 0.002579983454211541 0.05383149371555621
-0.33161227777777774 -0.5817759259259259 0.0030710139712115604 0.017458862826667327
-0.35779219444444443 -0.8726638888888898 0.0030328227087782467 -0.0007274526177771161
-0.38397211111111107 -0.8726638888888879 0.0024490419830115995 -0.01891376806222156
-0.4188786666666666 -1.1635518518518517 0.0030055432356116195 0.017458862826667327
-0.44505858333333326 -0.8726638888888879 0.0035293091204116394 0.017458862826667327
-0.4799651388888888 -1.1635518518518517 0.002929160710744993 -0.01891376806222156
-0.5235983333333333 -1.4544398148148157 0.0017997905216450127 -0.03710008350666601
-0.5585048888888888 -1.1635518518518517 0.0018107023109116991 -0.0007274526177771161
-0.6021380833333333 -1.4544398148148157 0.002350835879611719 0.017458862826667327
-0.6457712777777778 -1.4544398148148157 0.0017506874699450721 -0.01891376806222156
-0.6894044722222221 -1.4544398148148119 0.00017175156305842572 -0.05164913586222155
-0.7330376666666666 -1.4544398148148157 0.00019575749944511224 -0.0007274526177771161
-0.776670861111111 -1.4544398148148157 0.0018598053626117984 0.05383149371555621
-0.8203040555555554 -1.4544398148148119 0.001788878732378485 -0.0007274526177771161
-0.8813905277777777 -2.0362157407407433 0.00019357514159183854 -0.05164913586222155
-0.933750361111111 -1.7453277777777758 -0.0009063332164881417 -0.03710008350666601
-0.9773835555555554 -1.4544398148148157 -0.00033346427998812194 0.017458862826667327
-1.0297433888888887 -1.7453277777777758 0.000752258752045231 0.03564517827111177
-1.082103222222222 -1.7453277777777758 0.0006976998057119175 -0.0007274526177771161
-1.1519163333333333 -2.327103703703711 -0.0008976037850747289 -0.05164913586222155
-1.2130028055555555 -2.0362157407407397 -0.0024470778609413752 -0.05164913586222155
-1.2740892777777777 -2.0362157407407397 -0.0012991576300880223 0.03564517827111177
-1.326449111111111 -1.7453277777777758 -0.0007917594291880026 0.017458862826667327
-1.3875355833333332 -2.0362157407407397 -0.001953864986087983 -0.03710008350666601
-1.4486220555555553 -2.0362157407407397 -0.0035164332090746294 -0.05164913586222155
-1.5097085277777775 -2.0362157407407397 -0.0023685129782212763 0.03564517827111177
-1.562068361111111 -1.7453277777777831 -0.0018611147773212565 0.017458862826667327
-1.6231548333333332 -2.0362157407407397 -0.002461263186987903 -0.01891376806222156
-1.6929679444444443 -2.3271037037037035 -0.0035906333760878837 -0.03710008350666601
-1.7540544166666665 -2.0362157407407397 -0.004141678734054531 -0.01891376806222156
-1.8151408888888887 -2.0362157407407397 -0.0047090917759211775 -0.01891376806222156
-1.867500722222222 -1.7453277777777758 -0.0041525905233211575 0.017458862826667327
-1.9285871944444442 -2.0362157407407397 -0.0030668674912878043 0.03564517827111177
-1.9896736666666666 -2.0362157407407473 -0.004245340732087785 -0.03710008350666601
-2.0594867777777774 -2.3271037037036963 -0.006931823249541098 -0.08802176675111044
-2.1205732499999996 -2.0362157407407397 -0.006313124798121079 0.017458862826667327
-2.172933083333333 -1.7453277777777831 -0.004665444618854392 0.05383149371555621
-2.2252929166666666 -1.7453277777777831 -0.004736371249087705 -0.0007274526177771161
-2.286379388888889 -2.0362157407407397 -0.007455589134341019 -0.08802176675111044
-2.347465861111111 -2.0362157407407397 -0.008972327842407665 -0.05164913586222155
-2.3910990555555554 -1.4544398148148119 -0.006138536169854312 0.09020412460444509
-2.4347322499999997 -1.4544398148148119 -0.0056802410206542924 0.017458862826667327
-2.495818722222222 -2.0362157407407397 -0.008415826589807605 -0.08802176675111044
-2.5481785555555554 -1.7453277777777831 -0.00835908528562092 -0.0007274526177771161
-2.5918117499999997 -1.4544398148148119 -0.007818951716920899 0.017458862826667327
-2.635444944444444 -1.4544398148148119 -0.00898105727382088 -0.03710008350666601
-2.6790781388888885 -1.4544398148148119 -0.008970145484554194 -0.0007274526177771161
-2.713984694444444 -1.1635518518518555 -0.0073060976213875075 0.05383149371555621
-2.7576178888888885 -1.4544398148148119 -0.007377024251620821 -0.0007274526177771161
-2.809977722222222 -1.7453277777777831 -0.009534284989640802 -0.069835451306666
-2.8536109166666663 -1.4544398148148119 -0.011067391381607448 -0.05164913586222155
-2.871064194444444 -0.5817759259259278 -0.010481428297987427 0.017458862826667327
-2.8972441111111107 -0.8726638888888842 -0.008833748118720742 0.05383149371555621
-2.9146973888888885 -0.5817759259259278 -0.007218803307254056 0.05383149371555621
-2.949603944444444 -1.1635518518518555 -0.007289729937487369 -0.0007274526177771161
-2.9845105 -1.1635518518518555 -0.009446990675507349 -0.069835451306666
-3.028143694444444 -1.4544398148148119 -0.010980097067473995 -0.05164913586222155
-3.0543236111111107 -0.8726638888888842 -0.010394133983853974 0.017458862826667327
-3.06305025 -0.29088796296297126 -0.009870368099053953 0.017458862826667327
-3.0892301666666664 -0.8726638888888842 -0.009908559361487268 -0.0007274526177771161
-3.106683444444444 -0.5817759259259278 -0.009930382940020582 -0.0007274526177771161
-3.124136722222222 -0.5817759259259278 -0.009952206518553896 -0.0007274526177771161
-3.1328633611111107 -0.2908879629629565 -0.00997403009708721 -0.0007274526177771161
-3.1503166388888886 -0.5817759259259278 -0.009995853675620524 -0.0007274526177771161
-3.1677699166666664 -0.5817759259259278 -0.010017677254153838 -0.0007274526177771161
-3.176496555555555 -0.2908879629629565 -0.010039500832687152 -0.0007274526177771161
-3.1852231944444442 -0.29088796296297126 -0.010623281558453799 -0.01891376806222156
-3.193949833333333 -0.2908879629629565 -0.010628737453087112 -0.0007274526177771161
-3.193949833333333 0.0 -0.00952664673715376 0.03564517827111177
-3.202676472222222 -0.29088796296297126 -0.00901924853625374 0.017458862826667327
-3.202676472222222 0.0 -0.009619396945920386 -0.01891376806222156
-3.2114031111111108 -0.2908879629629565 -0.010186809987787033 -0.01891376806222156
-3.2114031111111108 0.0 -0.010192265882420346 -0.0007274526177771161
-3.2114031111111108 0.0 -0.01021408946095366 -0.0007274526177771161
-3.2114031111111108 0.0 -0.010235913039486974 -0.0007274526177771161
-3.2114031111111108 0.0 -0.010819693765253621 -0.01891376806222156
-3.2114031111111108 0.0 -0.011387106807120267 -0.01891376806222156
-3.2114031111111108 0.0 -0.011954519848986914 -0.01891376806222156
-3.2114031111111108 0.0 -0.013083890038086896 -0.03710008350666601
-3.2114031111111108 0.0 -0.014196892543286876 -0.03710008350666601
-3.202676472222222 0.2908879629629565 -0.015309895048486857 -0.03710008350666601
-3.193949833333333 0.29088796296297126 -0.01743442041870684 -0.069835451306666
-3.1590432777777773 1.1635518518518555 -0.01952948395790682 -0.069835451306666
-3.124136722222222 1.1635518518518406 -0.022186504644340133 -0.08802176675111044
-3.0543236111111107 2.327103703703711 -0.017184540444500112 0.159312123293334
-2.9845105 2.3271037037036963 -0.010719305304000094 0.2138710696266673
-2.949603944444444 1.1635518518518555 -0.009810353258086742 0.03564517827111177
-2.9321506666666663 0.5817759259259278 -0.012562306511140056 -0.08802176675111044
-2.9321506666666663 0.0 -0.0157649166609067 -0.10620808219555487
-2.9146973888888885 0.5817759259259278 -0.01625376482005335 -0.01891376806222156
-2.879790833333333 1.1635518518518555 -0.015135306420219995 0.03564517827111177
-2.8623375555555555 0.581775925925913 -0.014065951072086642 0.03564517827111177
-2.8448842777777776 0.5817759259259278 -0.014682467165653289 -0.01891376806222156
-2.827431 0.5817759259259278 -0.015811837354753267 -0.03710008350666601
-2.809977722222222 0.5817759259259278 -0.016924839859953248 -0.03710008350666601
-2.7750711666666663 1.1635518518518555 -0.01691392807068656 -0.0007274526177771161
-2.7401646111111106 1.1635518518518555 -0.014687923060286538 0.07201780916000065
-2.713984694444444 0.8726638888888842 -0.013089345932719853 0.05383149371555621
-2.6965314166666663 0.5817759259259278 -0.0137222297101865 -0.01891376806222156
-2.6878047777777776 0.2908879629629565 -0.01642507991153981 -0.08802176675111044
-2.6616248611111106 0.872663888888899 -0.01693029575458646 -0.01891376806222156
-2.6267183055555554 1.1635518518518406 -0.015249880207519774 0.05383149371555621
-2.5918117499999997 1.1635518518518555 -0.013072978248819754 0.07201780916000065
-2.574358472222222 0.5817759259259278 -0.0120363582684864 0.03564517827111177
-2.556905194444444 0.5817759259259278 -0.013664397227073046 -0.05164913586222155
-2.5481785555555554 0.2908879629629565 -0.015213871302939693 -0.05164913586222155
-2.5307252777777776 0.5817759259259278 -0.014627908219319672 0.017458862826667327
-2.5132719999999997 0.5817759259259278 -0.014104142334519652 0.017458862826667327
-2.478365444444444 1.1635518518518555 -0.014142333596952966 -0.0007274526177771161
-2.4609121666666662 0.5817759259259278 -0.013602200028252945 0.017458862826667327
-2.4347322499999997 0.8726638888888842 -0.012516476996219592 0.03564517827111177
-2.417278972222222 0.5817759259259278 -0.012009078795319572 0.017458862826667327
-2.399825694444444 0.5817759259259278 -0.012609227204986218 -0.01891376806222156
-2.399825694444444 0.0 -0.014188163111872865 -0.05164913586222155
-2.382372416666666 0.5817759259259278 -0.01416415717548618 -0.0007274526177771161
-2.3561924999999997 0.8726638888888842 -0.013624023606786159 0.017458862826667327
-2.338739222222222 0.5817759259259278 -0.012538300574752805 0.03564517827111177
-2.321285944444444 0.5817759259259278 -0.012030902373852785 0.017458862826667327
-2.3125593055555553 0.2908879629629565 -0.012631050783519431 -0.01891376806222156
-2.3125593055555553 0.0 -0.013760420972619413 -0.03710008350666601
-2.2951060277777775 0.5817759259259278 -0.013749509183352727 -0.0007274526177771161
-2.2776527499999997 0.5817759259259278 -0.013209375614652706 0.017458862826667327
-2.268926111111111 0.2908879629629565 -0.012123652582619352 0.03564517827111177
-2.251472833333333 0.5817759259259278 -0.012740168676186 -0.01891376806222156
-2.251472833333333 0.0 -0.01386953886528598 -0.03710008350666601
-2.2340195555555553 0.5817759259259278 -0.01329666992878596 0.017458862826667327
-2.2252929166666666 0.2908879629629565 -0.012210946896752606 0.03564517827111177
-2.207839638888889 0.5817759259259278 -0.011703548695852587 0.017458862826667327
-2.207839638888889 0.0 -0.012303697105519233 -0.01891376806222156
-2.1991129999999997 0.29088796296297126 -0.012309153000152546 -0.0007274526177771161
-2.1991129999999997 0.0 -0.011207062284219194 0.03564517827111177
-2.1991129999999997 0.0 -0.01013770693608584 0.03564517827111177
-2.1991129999999997 0.0 -0.010754223029652487 -0.01891376806222156
-2.1991129999999997 0.0 -0.011321636071519134 -0.01891376806222156
-2.1991129999999997 0.0 -0.010765134818919114 0.017458862826667327
-2.190386361111111 0.2908879629629565 -0.00967941178688576 0.03564517827111177
-2.1991129999999997 -0.2908879629629565 -0.00917201358598574 0.017458862826667327
-2.1991129999999997 0.0 -0.00864824770118572 0.017458862826667327
-2.1991129999999997 0.0 -0.007000567521919033 0.05383149371555621
-2.1991129999999997 0.0 -0.0048236655632190135 0.07201780916000065
-2.2165662777777775 -0.5817759259259278 -0.0032250884356523272 0.05383149371555621
-2.242746194444444 -0.8726638888888842 -0.004419929360352307 -0.03710008350666601
-2.286379388888889 -1.4544398148148268 -0.00440901757108562 -0.0007274526177771161
-2.330012583333333 -1.4544398148148119 -0.0038688840023856003 0.017458862826667327
-2.382372416666666 -1.7453277777777685 -0.007728383866005581 -0.12439439763999934
-2.417278972222222 -1.1635518518518555 -0.01146021579520556 -0.12439439763999934
-2.4347322499999997 -0.5817759259259278 -0.00912291053428554 0.07201780916000065
-2.4434588888888884 -0.2908879629629565 -0.005838461965018854 0.10839044004888954
-2.4609121666666662 -0.5817759259259278 -0.006520448794185501 -0.01891376806222156
-2.504545361111111 -1.4544398148148268 -0.007087861836052148 -0.01891376806222156
-2.5219986388888884 -0.581775925925913 -0.006531360583452128 0.017458862826667327
-2.556905194444444 -1.1635518518518555 -0.0065695518458854405 -0.0007274526177771161
-2.583085111111111 -0.872663888888899 -0.006029418277185421 0.017458862826667327
-2.6267183055555554 -1.4544398148148119 -0.005505652392385402 0.017458862826667327
-2.6616248611111106 -1.1635518518518406 -0.0055438436548187146 -0.0007274526177771161
-2.722711333333333 -2.0362157407407397 -0.006689581527818695 -0.03710008350666601
-2.7663445277777776 -1.4544398148148268 -0.008252149750805342 -0.05164913586222155
-2.8187043611111107 -1.7453277777777685 -0.009801623826671988 -0.05164913586222155
-2.8536109166666663 -1.1635518518518555 -0.008653703595818636 0.03564517827111177
-2.879790833333333 -0.8726638888888842 -0.006460433953218616 0.07201780916000065
-2.9146973888888885 -1.1635518518518555 -0.006547728267351929 -0.0007274526177771161
-2.967057222222222 -1.7453277777777831 -0.007693466140351909 -0.03710008350666601
-3.019417055555555 -1.7453277777777685 -0.00880646864555189 -0.03710008350666601
-3.06305025 -1.4544398148148268 -0.009357514003518535 -0.01891376806222156
-3.115410083333333 -1.7453277777777685 -0.008801012750918515 0.017458862826667327
-3.1503166388888886 -1.1635518518518555 -0.008277246866118495 0.017458862826667327
-3.202676472222222 -1.7453277777777831 -0.008877395275785141 -0.01891376806222156
-3.2463096666666664 -1.4544398148148119 -0.010006765464885123 -0.03710008350666601
-3.2986694999999995 -1.7453277777777685 -0.010557810822851768 -0.01891376806222156
-3.333576055555555 -1.1635518518518555 -0.010001309570251748 0.017458862826667327
-3.3859358888888886 -1.7453277777777831 -0.010039500832685063 -0.0007274526177771161
-3.429569083333333 -1.4544398148148119 -0.01062328155845171 -0.01891376806222156
-3.4819289166666665 -1.7453277777777831 -0.011752651747551692 -0.03710008350666601
-3.5168354722222217 -1.1635518518518406 -0.013877177117771672 -0.069835451306666
-3.5517420277777774 -1.1635518518518555 -0.012150932055784986 0.05383149371555621
-3.577921944444444 -0.8726638888888842 -0.0088501158026183 0.10839044004888954
-3.6128284999999996 -1.1635518518518555 -0.008970145484551615 -0.0007274526177771161
-3.6739149722222217 -2.0362157407407397 -0.01225132051703826 -0.10620808219555487
-3.717548166666666 -1.4544398148148119 -0.013751691541204907 -0.05164913586222155
-3.7524547222222218 -1.1635518518518555 -0.013165728457584886 0.017458862826667327
-3.7873612777777774 -1.1635518518518555 -0.011518048278318201 0.05383149371555621
-3.813541194444444 -0.8726638888888842 -0.012150932055784849 -0.01891376806222156
-3.8659010277777774 -1.7453277777777831 -0.01328030224488483 -0.03710008350666601
-3.900807583333333 -1.1635518518518555 -0.013269390455618145 -0.0007274526177771161
-3.9269874999999996 -0.8726638888888842 -0.013291214034151459 -0.0007274526177771161
-3.970620694444444 -1.4544398148148119 -0.013313037612684772 -0.0007274526177771161
-3.9968006111111105 -0.8726638888888842 -0.012772904043984751 0.017458862826667327
-4.031707166666666 -1.1635518518518555 -0.013373052453651398 -0.01891376806222156
-4.066613722222222 -1.1635518518518555 -0.014502422642751379 -0.03710008350666601
-4.092793638888889 -0.872663888888899 -0.01561542514795136 -0.03710008350666601
-4.118973555555555 -0.8726638888888694 -0.014480599064218006 0.03564517827111177
-4.136426833333333 -0.5817759259259425 -0.01284928656885132 0.05383149371555621
-4.162606749999999 -0.8726638888888694 -0.013482170346317967 -0.01891376806222156
-4.197513305555555 -1.1635518518518555 -0.015623063400437946 -0.069835451306666
-4.223693222222222 -0.872663888888899 -0.016706604074617926 -0.03710008350666601
-4.232419861111111 -0.2908879629629565 -0.016133735138117906 0.017458862826667327
-4.232419861111111 0.0 -0.01448605495885122 0.05383149371555621
-4.249873138888889 -0.5817759259259425 -0.012871110147384535 0.05383149371555621
-4.2585997777777775 -0.2908879629629565 -0.014515516789871181 -0.05164913586222155
-4.293506333333333 -1.1635518518518555 -0.017750862307437828 -0.10620808219555487
-4.302232972222222 -0.2908879629629565 -0.018239710466584475 -0.01891376806222156
-4.302232972222222 0.0 -0.017683209213984454 0.017458862826667327
-4.302232972222222 0.0 -0.017721400476417765 -0.0007274526177771161
-4.302232972222222 0.0 -0.018305181202184412 -0.01891376806222156
-4.302232972222222 0.0 -0.01943455139128439 -0.03710008350666601
-4.293506333333333 0.2908879629629565 -0.020547553896484372 -0.03710008350666601
-4.276053055555555 0.5817759259259425 -0.022672079266704354 -0.069835451306666
-4.249873138888889 0.8726638888888694 -0.025329099953137667 -0.08802176675111044
-4.188786666666666 2.0362157407407544 -0.02740779580843765 -0.069835451306666
-4.110246916666666 2.6179916666666676 -0.01860089069131096 0.2829790683155562
-4.031707166666666 2.6179916666666676 -0.010561084359630945 0.2684300159600006
-4.005527249999999 0.872663888888899 -0.012960586819370927 -0.069835451306666
-4.0229805277777775 -0.5817759259259425 -0.017865436094737574 -0.16076702852888822
-4.005527249999999 0.5817759259259425 -0.02268844695060422 -0.16076702852888822
-3.9618940555555553 1.4544398148147972 -0.02312819205805087 -0.01891376806222156
-3.900807583333333 2.0362157407407397 -0.020323862216517517 0.09020412460444509
-3.8397211111111105 2.0362157407407544 -0.017617738478384166 0.09020412460444509
-3.7873612777777774 1.7453277777777685 -0.018283357623650815 -0.01891376806222156
-3.743728083333333 1.4544398148148119 -0.01986229353053746 -0.05164913586222155
-3.7000948888888887 1.4544398148148119 -0.020962201888617443 -0.03710008350666601
-3.639008416666666 2.0362157407407544 -0.020389332952117423 0.017458862826667327
-3.569195305555555 2.3271037037036963 -0.018741652772850736 0.05383149371555621
-3.508108833333333 2.0362157407407397 -0.01712670796138405 0.05383149371555621
-3.447022361111111 2.0362157407407397 -0.017759591738850698 -0.01891376806222156
-3.3946625277777773 1.7453277777777831 -0.021024399087437345 -0.10620808219555487
-3.3161227777777773 2.6179916666666676 -0.021513247246583992 -0.01891376806222156
-3.2288563888888886 2.9088796296296238 -0.01769739454003064 0.1229394924044451
-3.1328633611111107 3.199767592592595 -0.014458775485683953 0.10839044004888954
-3.0543236111111107 2.6179916666666676 -0.015702719462083934 -0.03710008350666601
-2.9932371388888885 2.0362157407407397 -0.018389201979537247 -0.08802176675111044
-2.90597075 2.9088796296296238 -0.01833246067535056 -0.0007274526177771161
-2.801251083333333 3.4906555555555663 -0.017230369959417204 0.03564517827111177
-2.6965314166666663 3.4906555555555516 -0.014475143169583852 0.09020412460444509
-2.6005383888888884 3.199767592592595 -0.012892933725917165 0.05383149371555621
-2.504545361111111 3.1997675925925804 -0.014537340368403812 -0.05164913586222155
-2.426005611111111 2.6179916666666676 -0.014513334432017126 -0.0007274526177771161
-2.321285944444444 3.4906555555555663 -0.01284928656885044 0.05383149371555621
-2.2165662777777775 3.4906555555555516 -0.012920213199083755 -0.0007274526177771161
-2.1205732499999996 3.199767592592595 -0.012380079630383733 0.017458862826667327
-2.015853583333333 3.4906555555555516 -0.010170442303883713 0.07201780916000065
-1.9198605555555552 3.199767592592595 -0.01081969376525036 -0.01891376806222156
-1.8238675277777776 3.199767592592588 -0.014084501113837005 -0.10620808219555487
-1.7191478611111108 3.490655555555559 -0.012887477831283653 0.03564517827111177
-1.5882482777777776 4.363319444444444 -0.008558771029196966 0.14112580784888956
-1.474801972222222 3.7815435185185153 -0.008146305394916946 0.017458862826667327
-1.3788089444444442 3.199767592592595 -0.008746453804583592 -0.01891376806222156
-1.2653626388888888 3.7815435185185153 -0.007627995404750239 0.03564517827111177
-1.160642972222222 3.490655555555559 -0.007682554351083552 -0.0007274526177771161
-1.0559233055555555 3.4906555555555516 -0.006018506487916866 0.05383149371555621
-0.9599302777777776 3.199767592592595 -0.006651390265383512 -0.01891376806222156
-0.8639372499999999 3.1997675925925915 -0.00823032617227016 -0.05164913586222155
-0.7417643055555555 4.0724314814814795 -0.00764436308865014 0.017458862826667327
-0.6283179999999999 3.7815435185185193 -0.0032992886026634526 0.14112580784888956
-0.5235983333333333 3.490655555555555 -0.0017629086739167665 0.05383149371555621
-0.44505858333333326 2.6179916666666676 -0.00453122961087008 -0.08802176675111044
-0.3490655555555555 3.1997675925925915 -0.007171882613403393 -0.08802176675111044
-0.24434588888888886 3.490655555555555 -0.004305355573050041 0.09020412460444509
-0.13089958333333332 3.7815435185185184 -2.5751822663353852e-05 0.14112580784888956
-0.03490655555555555 3.1997675925925924 -0.0007372004828500006 -0.01891376806222156
0.04363319444444444 2.6179916666666663 -0.005125922125903313 -0.14258071308444376
0.1396262222222222 3.1997675925925924 -0.004458120622783293 0.017458862826667327
0.24434588888888886 3.490655555555555 -0.0016865261490499406 0.09020412460444509
0.35779219444444443 3.7815435185185193 0.0004576404418500789 0.07201780916000065
0.44505858333333326 2.9088796296296278 0.00037034612771676546 -0.0007274526177771161
0.541051611111111 3.1997675925925915 0.000348522549183452 -0.0007274526177771161
0.619591361111111 2.6179916666666676 0.001450613265116805 0.03564517827111177
0.7243110277777777 3.490655555555555 0.0019580114660168245 0.017458862826667327
0.7941241388888888 2.3271037037037035 0.00034634019133017804 -0.05164913586222155
0.8813905277777777 2.9088796296296313 0.0014942604221835308 0.03564517827111177
0.9686569166666665 2.9088796296296278 0.002563615770316884 0.03564517827111177
1.0471966666666666 2.6179916666666676 0.0025090568239835706 -0.0007274526177771161
1.1257364166666666 2.6179916666666676 0.0030491903926835903 0.017458862826667327
1.1868228888888888 2.0362157407407397 0.0030109991302502766 -0.0007274526177771161
1.2653626388888888 2.6179916666666676 0.0035511326989502968 0.017458862826667327
1.3351757499999999 2.3271037037037035 0.002389027142050316 -0.03710008350666601
1.404988861111111 2.3271037037037035 0.002961896078550336 0.017458862826667327
1.474801972222222 2.3271037037037035 0.004047619110583689 0.03564517827111177
1.553341722222222 2.6179916666666676 0.005678931605950375 0.05383149371555621
1.6144281944444443 2.0362157407407397 0.007293876417417061 0.05383149371555621
1.6667880277777776 1.7453277777777758 0.007222949787183748 -0.0007274526177771161
1.7104212222222221 1.4544398148148194 0.006639169061417102 -0.01891376806222156
1.7453277777777776 1.1635518518518482 0.005509798872317122 -0.03710008350666601
1.788960972222222 1.4544398148148119 0.005520710661583809 -0.0007274526177771161
1.8325941666666665 1.4544398148148194 0.005498887083050496 -0.0007274526177771161
1.867500722222222 1.1635518518518482 0.0060390206517505155 0.017458862826667327
1.9111339166666665 1.4544398148148194 0.006000829389317203 -0.0007274526177771161
1.937313833333333 0.8726638888888842 0.00597900581078389 -0.0007274526177771161
1.9722203888888887 1.1635518518518555 0.006519139379483909 0.017458862826667327
1.9984003055555553 0.8726638888888842 0.007042905264283928 0.017458862826667327
2.015853583333333 0.5817759259259278 0.007004714001850616 -0.0007274526177771161
2.033306861111111 0.5817759259259278 0.0069828904233173025 -0.0007274526177771161
2.0420334999999996 0.2908879629629565 0.006961066844783989 -0.0007274526177771161
2.0507601388888888 0.29088796296297126 0.007501200413484009 0.017458862826667327
2.0594867777777774 0.2908879629629565 0.007463009151050696 -0.0007274526177771161
2.0594867777777774 0.0 0.008003142719750717 0.017458862826667327
2.0594867777777774 0.0 0.008526908604550737 0.017458862826667327
2.0594867777777774 0.0 0.009612631636584091 0.03564517827111177
2.0507601388888888 -0.2908879629629565 0.011243944131950777 0.05383149371555621
2.0507601388888888 0.0 0.013420846090650798 0.07201780916000065
2.0245802222222222 -0.8726638888888842 0.01614333751268415 0.09020412460444509
1.9722203888888887 -1.7453277777777831 0.019411418398050835 0.10839044004888954
1.8936806388888887 -2.6179916666666676 0.012772685808210855 -0.21168871177333265
1.8064142499999998 -2.9088796296296313 0.009119418761730873 -0.12439439763999934
1.7540544166666665 -1.7453277777777758 0.0070734582742308936 -0.069835451306666
1.7191478611111108 -1.1635518518518555 0.007675789041750913 0.017458862826667327
1.6929679444444443 -0.8726638888888842 0.010447383515484266 0.09020412460444509
1.6667880277777776 -0.8726638888888916 0.013153507253617618 0.09020412460444509
1.6057015555555554 -2.0362157407407397 0.012487888108350971 -0.01891376806222156
1.5446150833333332 -2.0362157407407397 0.010908952201464324 -0.05164913586222155
1.483528611111111 -2.0362157407407397 0.010371000990617678 -0.01891376806222156
1.4224421388888888 -2.0362157407407397 0.011489459390451031 0.03564517827111177
1.3613556666666664 -2.0362157407407473 0.012558814738584384 0.03564517827111177
1.2828159166666666 -2.61799166666666 0.010930775779997738 -0.05164913586222155
1.1868228888888888 -3.199767592592595 0.009381301704131092 -0.05164913586222155
1.1082831388888887 -2.6179916666666676 0.008281393346051111 -0.03710008350666601
1.0210167499999998 -2.9088796296296313 0.007168390840851131 -0.03710008350666601
0.9424769999999999 -2.6179916666666636 0.006055388335651151 -0.03710008350666601
0.8639372499999999 -2.6179916666666676 0.007752171566617837 0.05383149371555621
0.7941241388888888 -2.3271037037037035 0.00880515923085119 0.03564517827111177
0.70685775 -2.9088796296296278 0.007177120272264544 -0.05164913586222155
0.6108647222222221 -3.199767592592595 0.005627646196397897 -0.05164913586222155
0.5235983333333333 -2.9088796296296278 0.0073375235744845835 0.05383149371555621
0.42760530555555554 -3.1997675925925915 0.00726659694425127 -0.0007274526177771161
0.3228856388888889 -3.490655555555555 0.003985421911764624 -0.10620808219555487
0.2181659722222222 -3.490655555555556 0.002934616605384644 -0.03710008350666601
0.13089958333333332 -2.9088796296296295 0.004069442689117997 0.03564517827111177
0.03490655555555555 -3.1997675925925924 0.004014883742784684 -0.0007274526177771161
-0.07853974999999999 -3.7815435185185184 0.003431103017018037 -0.01891376806222156
-0.17453277777777776 -3.1997675925925924 0.0012902099628980571 -0.069835451306666
-0.2792524444444444 -3.490655555555555 0.0013305835831847435 -0.0007274526177771161
-0.3665188333333333 -2.9088796296296295 0.0018707171518847633 0.017458862826667327
-0.47123849999999995 -3.490655555555555 -0.00030291127003521684 -0.069835451306666
-0.5672315277777777 -3.1997675925925932 -0.0002625376497485303 -0.0007274526177771161
-0.6544979166666666 -2.9088796296296278 0.001963467360651489 0.07201780916000065
-0.7504909444444443 -3.1997675925925915 0.0018761730465181757 -0.0007274526177771161
-0.8552106111111111 -3.490655555555559 -0.00028108769150180445 -0.069835451306666
-0.9686569166666665 -3.7815435185185153 -0.0029381083779351177 -0.08802176675111044
-1.0559233055555555 -2.9088796296296313 -0.0044548470860017635 -0.05164913586222155
-1.1344630555555555 -2.6179916666666676 -0.002183012560681744 0.07201780916000065
-1.2042761666666666 -2.3271037037037035 0.0015510017263716087 0.1229394924044451
-1.3002691944444442 -3.199767592592588 -0.00015560211493503772 -0.05164913586222155
-1.4137155 -3.781543518518523 -0.003952904779735018 -0.12439439763999934
-1.5097085277777775 -3.199767592592588 -0.006560822414468331 -0.08802176675111044
-1.5795216388888886 -2.3271037037037035 -0.005942123963048312 0.017458862826667327
-1.6406081111111108 -2.0362157407407397 -0.003732486636548292 0.07201780916000065
-1.7104212222222221 -2.327103703703711 -0.002695866656214939 0.03564517827111177
-1.788960972222222 -2.61799166666666 -0.003874339897014919 -0.03710008350666601
-1.867500722222222 -2.6179916666666676 -0.004987342402214899 -0.03710008350666601
-1.946040472222222 -2.6179916666666676 -0.007111867772434879 -0.069835451306666
-2.015853583333333 -2.3271037037037035 -0.007071494152148192 -0.0007274526177771161
-2.0682134166666666 -1.7453277777777831 -0.005407446288981505 0.05383149371555621
-2.1292998888888888 -2.0362157407407397 -0.006040330066448152 -0.01891376806222156
-2.190386361111111 -2.0362157407407397 -0.009305137415034798 -0.10620808219555487
-2.242746194444444 -1.7453277777777685 -0.008670071279714777 0.017458862826667327
-2.286379388888889 -1.4544398148148268 -0.005336519658748091 0.10839044004888954
-2.330012583333333 -1.4544398148148119 -0.006580463635148071 -0.03710008350666601
-2.382372416666666 -1.7453277777777685 -0.010390860447068051 -0.12439439763999934
-2.426005611111111 -1.4544398148148268 -0.009177469480614698 0.03564517827111177
-2.4434588888888884 -0.581775925925913 -0.005410719825761345 0.1229394924044451
-2.4696388055555554 -0.872663888888899 -0.006105800802047992 -0.01891376806222156
-2.5132719999999997 -1.4544398148148119 -0.008246693856167973 -0.069835451306666
-2.5481785555555554 -1.1635518518518555 -0.009330234530347953 -0.03710008350666601
-2.5656318333333332 -0.5817759259259278 -0.008195408446614599 0.03564517827111177
-2.574358472222222 -0.2908879629629565 -0.008249967392947912 -0.0007274526177771161
-2.5918117499999997 -0.5817759259259278 -0.00883374811871456 -0.01891376806222156
-2.6005383888888884 -0.2908879629629565 -0.009401161160581206 -0.01891376806222156
-2.6092650277777776 -0.29088796296297126 -0.00940661705521452 -0.0007274526177771161
-2.6092650277777776 0.0 -0.009428440633747833 -0.0007274526177771161
