0.0 0.0 -0.006633342165942213 -0.21467126750622048
0.03490655555555555 1.1635518518518517 -0.013073480191128826 -0.21467126750622048
0.0698131111111111 1.1635518518518517 -0.01951361821631544 -0.21467126750622048
0.1396262222222222 2.3271037037037035 -0.019884619051382054 -0.0182590607062205
0.2181659722222222 2.6179916666666663 -0.002337370731655339 0.5673402966048905
0.28797908333333333 2.3271037037037043 0.00760217811135138 0.3381927220048906
0.33161227777777774 1.4544398148148139 0.011678822581378099 0.1417805152048906
0.3490655555555555 0.5817759259259259 0.0077276636879181505 -0.12373969028399827
0.3403389166666666 -0.2908879629629639 0.0023296015376982025 -0.17829863661733159
0.35779219444444443 0.5817759259259278 -0.0007715289718884123 -0.10555337483955383
0.37524547222222215 0.5817759259259241 0.0014566583963649723 0.06903525342711282
0.4188786666666666 1.4544398148148157 0.0068994588825783566 0.17815314609377947
0.4188786666666666 0.0 0.008422744664205074 0.05448620107155727
0.39269875 -0.8726638888888879 0.01444059644477179 0.1963394615382239
0.33161227777777774 -2.0362157407407415 0.024152088892105173 0.3200064065604461
0.19198605555555553 -4.654207407407407 0.015657260948005226 -0.2655929507506649
0.017453277777777776 -5.817759259259259 0.014770132480625277 -0.03644537615066494
-0.1483528611111111 -5.526871296296296 0.01199089975440533 -0.09100432248399827
-0.33161227777777774 -6.1086472222222215 0.01971317301842538 0.24726114478266836
-0.5585048888888888 -7.563087037037037 0.019488390159532097 -7.274526177605757e-05
-0.8377573333333332 -9.308414814814814 0.01622685634772548 -0.10555337483955383
-1.160642972222222 -10.762854629629626 0.010812426513605533 -0.17829863661733159
-1.483528611111111 -10.762854629629633 0.015915870353625582 0.15996683064933503
-1.8325941666666665 -11.635518518518518 0.021838789567572302 0.1963394615382239
-2.2165662777777775 -12.799070370370366 0.027167016266485686 0.17815314609377947
-2.652898222222222 -14.544398148148149 0.03464704780878574 0.24726114478266836
-3.1503166388888886 -16.580613888888887 0.05364119938527245 0.621899242938224
-3.525562111111111 -12.508182407407409 0.07398404811511916 0.6764581892715572
-3.988073972222222 -15.417062037037033 0.10798954818575922 1.1202042861160015
-4.424405916666666 -14.544398148148149 0.15261003685501262 1.4766560688271129
-4.878191138888888 -15.126174074074061 0.21388082476627265 2.0258827952493346
-5.331976361111111 -15.126174074074092 0.29061689160517934 2.542374153871557
-5.8119415 -15.998837962962961 0.38824248781619275 3.233454140760446
-6.222093527777777 -13.67173425925925 0.5116580979589728 4.088210966649335
-6.693332027777777 -15.707950000000004 0.4469479140708595 -1.9751066025284425
-7.147117249999999 -15.126174074074061 0.41185887332603954 -1.1930950384173316
-7.6096291111111105 -15.417062037037049 0.36617557638221293 -1.513174190239554
-8.072140972222222 -15.417062037037049 0.3180829563683063 -1.600468504372887
-8.525926194444443 -15.126174074074033 0.2761380384272397 -1.404056297572887
-8.979711416666666 -15.126174074074092 0.2208665522547931 -1.829616078972887
-9.424769999999999 -14.835286111111106 0.1703613356340265 -1.6877628185062203
-9.878555222222221 -15.126174074074092 0.11422127103595323 -1.865988709861776
-10.323613805555555 -14.835286111111106 0.049924643961046615 -2.1351461784395536
-10.725039194444443 -13.380846296296294 -0.006374732760319994 -1.8841750253062204
-11.004291638888887 -9.308414814814785 -0.03817386904123994 -1.0839771457506648
-11.117737944444443 -3.781543518518523 -0.046529026082726556 -0.3019655816395538
-11.135191222222222 -0.5817759259259722 -0.06716431076491984 -0.6766036797951093
-11.100284666666665 1.163551851851885 -0.08465263542260644 -0.585672102572887
-10.925751888888888 5.8177592592592475 -0.09075887269623305 -0.21467126750622048
-10.620319527777777 10.181078703703683 -0.06808963049473299 0.7273798725160017
-10.288707249999998 11.053742592592641 -0.05997998871174627 0.28363377567155723
-10.000728166666665 9.59930277777777 -0.06630664412855955 -0.19648495206177602
-9.677842527777777 10.762854629629597 -0.07883228702776615 -0.4110834743062205
-9.285143777777776 13.089958333333367 -0.08172391118343277 -0.10555337483955383
-8.848811833333333 14.544398148148119 -0.08331703241636604 -0.05463169159510938
-8.368846694444443 15.998837962962991 -0.08327011172251932 -7.274526177605757e-05
-7.932514749999999 14.544398148148119 -0.0849581655220726 -0.05463169159510938
-7.461276249999999 15.707950000000004 -0.09041842487111254 -0.17829863661733159
-6.98131111111111 15.998837962962961 -0.10071260686528581 -0.33833821252844265
-6.5013459722222215 15.998837962962961 -0.11794341329627908 -0.5674857871284427
-6.012654194444444 16.289725925925918 -0.1415990812474857 -0.7820843093728872
-5.523962416666666 16.289725925925946 -0.17000683342432563 -0.9421238852839982
-5.035270638888888 16.289725925925918 -0.20108033571901224 -1.0330554625062205
-4.546578861111111 16.289725925925918 -0.23308352245921884 -1.0657908303062205
-4.057887083333333 16.289725925925918 -0.2678670331045721 -1.1567224075284426
-3.577921944444444 15.998837962962975 -0.2997589195942587 -1.0657908303062205
-3.028143694444444 18.325941666666658 -0.334542430239612 -1.1567224075284426
-2.5918117499999997 14.544398148148149 -0.36587235958206527 -1.047604514861776
-2.111846611111111 15.998837962962961 -0.3890959206783119 -0.7820843093728872
-1.6144281944444443 16.580613888888887 -0.40986105565277847 -0.6947899952395538
-1.1344630555555555 15.998837962962961 -0.41969039542419173 -0.33833821252844265
-0.6370446388888888 16.580613888888887 -0.432537936106765 -0.425632526661776
-0.1396262222222222 16.580613888888887 -0.4365403804097783 -0.14192600572844272
0.31415899999999997 15.126174074074074 -0.44956469207847155 -0.425632526661776
0.8203040555555554 16.87150185185185 -0.46345758217279154 -0.4620051575506649
1.3089958333333331 16.289725925925925 -0.4833868740894315 -0.6584173643506648
1.7715076944444443 15.41706203703704 -0.4949348206703447 -0.392897158861776
2.2776527499999997 16.871501851851846 -0.490200195307538 0.1417805152048906
2.722711333333333 14.835286111111106 -0.47718024835455125 0.4254870361382239
3.2114031111111108 16.289725925925932 -0.45722258578581787 0.6582718738271127
3.682641611111111 15.707950000000004 -0.4462409610678445 0.37456535289377946
4.1800600277777775 16.580613888888887 -0.4290472547203578 0.5673402966048905
4.651298527777778 15.707950000000004 -0.4082057372210245 0.6910072416271127
5.096357111111111 14.835286111111106 -0.3956800943218178 0.4254870361382239
5.57632225 15.998837962962961 -0.40157246052581774 -0.17829863661733159
6.03883411111111 15.417062037037018 -0.3947831452440977 0.21452577698266836
6.562432444444443 17.453277777777775 -0.39228107196525097 0.08722156887155727
6.963857833333333 13.380846296296323 -0.3891024677518709 0.1054078843160017
7.435096333333332 15.707949999999975 -0.3787471797378042 0.3381927220048906
7.906334833333332 15.707950000000004 -0.33949201785097083 1.2802438620271126
8.368846694444443 15.417062037037018 -0.29288012764055077 1.5457640675160016
8.840085194444443 15.707950000000004 -0.25032851421625735 1.4220971224937793
9.302597055555555 15.417062037037077 -0.2291323635657573 0.7273798725160017
9.747655638888888 14.835286111111106 -0.24136557051261726 -0.3747108434173315
10.227620777777776 15.99883796296293 -0.2739612674100039 -1.0657908303062205
10.690132638888887 15.417062037037018 -0.3251539267545705 -1.6877628185062203
11.1526445 15.417062037037077 -0.38904899998446374 -2.116959862995109
11.623883 15.707950000000004 -0.46514563597234365 -2.5243333289506644
12.0951215 15.707950000000004 -0.5551493473805902 -2.9862657412395532
12.592539916666665 16.580613888888845 -0.6315875223725168 -2.5607059598395536
13.151044805555554 18.616829629629628 -0.6770514923520834 -1.5459095580395537
13.552470194444442 13.380846296296294 -0.7097170247007767 -1.1021634611951092
14.04988861111111 16.580613888888905 -0.72356299410125 -0.48019147299510934
14.52985375 15.998837962962991 -0.7214471981624433 0.05448620107155727
15.027272166666664 16.580613888888845 -0.6693488603087433 1.6876173279826683
15.498510666666665 15.707950000000004 -0.6208557776287499 1.6185093292937796
16.030835638888888 17.74416574074079 -0.6080409723139765 0.4618596670271128
16.458440944444444 14.253510185185192 -0.6293636997199697 -0.6766036797951093
16.94713272222222 16.289725925925918 -0.6700046588436697 -1.3349482988839982
17.409644583333332 15.417062037037018 -0.6996007048716496 -0.9966828316173316
17.88088308333333 15.707949999999945 -0.7542273042984362 -1.7968807111728868
18.36084822222222 15.998837962962991 -0.8195976514371829 -2.1678815462395535
18.858266638888885 16.580613888888845 -0.8863199692660695 -2.222440492572887
19.312051861111108 15.126174074074092 -0.9299529410066893 -1.476801559350665
19.826923555555553 17.162389814814816 -0.9522282676156626 -0.7638979939284427
20.306888694444442 15.998837962962991 -0.9581741015870692 -0.21467126750622048
20.81303375 16.87150185185189 -0.9629283681705557 -0.16011232117288715
21.301725527777776 16.289725925925918 -0.964472386351789 -0.05463169159510938
21.79914394444444 16.580613888888845 -0.9627395942162423 0.05448620107155727
22.27910908333333 15.998837962962991 -0.9677361025214489 -0.16011232117288715
22.75907422222222 15.998837962962991 -0.9648968549542623 0.08722156887155727
23.273945916666666 17.162389814814816 -0.9480064963483888 0.5491539811604461
23.75391105555555 15.998837962962872 -0.9408603655576487 0.24726114478266836
24.25132947222222 16.580613888888962 -0.9504136370606154 -0.3019655816395538
24.731294611111107 15.998837962962872 -0.9638558702582221 -0.44381884210622047
25.219986388888888 16.289725925926035 -0.9617728096872153 0.05448620107155727
25.857031027777776 21.234821296296268 -0.9481123407042753 0.4436733515826683
26.20609658333333 11.635518518518495 -0.9397473630524485 0.28363377567155723
26.703514999999996 16.580613888888845 -0.9344977012362551 0.17815314609377947
27.192206777777773 16.289725925925918 -0.9346602868963284 -7.274526177605757e-05
27.672171916666663 15.998837962962991 -0.950060095088375 -0.4983777884395538
0.0 -922.4057305555555 -0.008882196463066613 -0.3019655816395538
-0.0698131111111111 -2.3271037037037035 -0.01962703535395323 -0.35652452797288714
-0.19198605555555553 -4.072431481481481 -0.0462823541745665 -0.8730158865951092
-0.16580613888888887 0.8726638888888888 -0.05156802489533978 -0.19648495206177602
0.026179916666666664 6.399535185185185 -0.032736458978926394 0.6037129274937795
0.26179916666666664 7.853974999999999 -0.0014752739088530128 1.0292727088937794
0.4188786666666666 5.2359833333333325 0.0058007071741603715 0.2654474602271128
0.4537852222222222 1.1635518518518517 0.002300205177413757 -0.10555337483955383
0.4886917777777777 1.1635518518518517 0.0007070839444804756 -0.05463169159510938
0.5323249722222222 1.4544398148148157 0.0034513989450471933 0.08722156887155727
0.5672315277777777 1.1635518518518517 0.003932608851707244 0.018113570182668386
0.5846848055555555 0.5817759259259241 0.002790144515487296 -0.03644537615066494
0.5934114444444444 0.2908879629629639 0.0022587403782006812 -0.0182590607062205
0.6108647222222221 0.5817759259259241 0.0017109685570140662 -0.0182590607062205
0.619591361111111 0.2908879629629639 0.0022871110302941176 0.018113570182668386
0.6283179999999999 0.2908879629629639 0.0033924752830075027 0.03629988562711283
0.6283179999999999 0.0 0.005492994716840887 0.06903525342711282
0.619591361111111 -0.2908879629629639 0.008687966614120938 0.1054078843160017
0.5846848055555555 -1.1635518518518517 0.014659988879767655 0.1963394615382239
0.5148716944444444 -2.3271037037037035 0.022123652738167705 0.24726114478266836
0.38397211111111107 -4.363319444444444 0.012008424087967758 -0.32015189708399827
0.2268926111111111 -5.2359833333333325 0.0062251757766344775 -0.19648495206177602
0.10471966666666666 -4.072431481481481 0.011344987300554528 0.15996683064933503
-0.017453277777777776 -4.072431481481481 0.017267906514501247 0.1963394615382239
-0.20071269444444442 -6.1086472222222215 0.016526996023294632 -0.0182590607062205
-0.42760530555555554 -7.563087037037038 0.014855309907641352 -0.05463169159510938
-0.6894044722222221 -8.726638888888887 0.013778316307021404 -0.03644537615066494
-0.9599302777777776 -9.01752685185185 0.01493278361143479 0.03629988562711283
-1.2828159166666666 -10.762854629629633 0.018719174486968176 0.12359419976044615
-1.6318814722222221 -11.635518518518518 0.011412640394008229 -0.23285758295066494
-2.0071269444444444 -12.508182407407409 -0.010408755781471718 -0.7129763106839982
-2.3561924999999997 -11.635518518518511 -0.042138056611085 -1.047604514861776
-2.5481785555555554 -6.39953518518519 -0.06592357485456495 -0.8002706248173315
-2.5481785555555554 0.0 -0.06351970767911823 0.05448620107155727
-2.399825694444444 4.945095370370378 -0.05974968448748484 0.12359419976044615
-2.103119972222222 9.890190740740742 -0.016480075329444795 1.403910807049335
-1.9285871944444442 5.8177592592592555 0.02619920602926858 1.4220971224937793
-1.8413208055555554 2.9088796296296238 0.041438610919095294 0.5346049288048905
-1.954767111111111 -3.7815435185185153 0.03218868715774201 -0.2837792661951094
-2.1554798055555553 -6.690423148148147 -0.018134302582271267 -1.636841135261776
-2.2951060277777775 -4.654207407407407 -0.049594082216997876 -1.0657908303062205
-2.242746194444444 1.7453277777777831 -0.07662258423053117 -0.9057512543951094
-2.033306861111111 6.981311111111103 -0.08895945317542446 -0.425632526661776
-1.7191478611111108 10.47196666666667 -0.09026450317171773 -0.05463169159510938
-1.326449111111111 13.08995833333333 -0.08471040243498434 0.17815314609377947
-0.9162970833333333 13.671734259259257 -0.07116123370256429 0.4436733515826683
-0.47123849999999995 14.835286111111111 -0.04852254451101091 0.7455661879604462
-0.008726638888888888 15.417062037037036 -0.010757933038004198 1.2438712311382238
0.39269875 13.380846296296298 0.028244075337842515 1.2984301774715572
0.6457712777777778 8.435750925925927 0.053372834840049226 0.8510468175382239
0.70685775 2.0362157407407397 0.05204268772844261 -0.0182590607062205
0.619591361111111 -2.9088796296296313 0.03553533292582933 -0.5347504193284427
0.5148716944444444 -3.490655555555555 -0.009054602733477277 -1.4586152439062203
0.49741841666666664 -0.5817759259259241 -0.051689145756197215 -1.4222426130173313
0.6544979166666666 5.235983333333331 -0.08446597835541049 -1.1021634611951092
1.0297433888888887 12.508182407407405 -0.06538125892801044 0.585526612049335
1.2828159166666666 8.43575092592593 -0.04062240908194373 0.8183114497382239
1.6493347499999997 12.217294444444438 -0.002361311197303681 1.2620575465826682
0.0 -54.977824999999996 -0.006083322516166614 -0.16011232117288715
-0.0698131111111111 -2.3271037037037035 -0.014708000752539896 -0.2837792661951094
-0.20071269444444442 -4.3633194444444445 -0.05345467325954651 -1.2622030371062203
-0.17453277777777776 0.8726638888888888 -0.06445921273497979 -0.392897158861776
0.0 5.817759259259259 -0.04758631299193307 0.5346049288048905
0.2792524444444444 9.308414814814814 -0.033234036569486355 0.4800459824715573
0.5497782499999999 9.01752685185185 -0.023777879990992973 0.3200064065604461
0.8290306944444443 9.308414814814814 -0.023506176438252924 0.018113570182668386
1.1519163333333333 10.762854629629633 -0.010374929234746207 0.4254870361382239
1.483528611111111 11.05374259259259 -0.005252935352972823 0.17815314609377947
1.8064142499999998 10.762854629629626 -0.000470298117392772 0.15996683064933503
2.1205732499999996 10.471966666666662 -0.0006165160935660537 -7.274526177605757e-05
2.4434588888888884 10.762854629629626 0.0015167387080673308 0.06903525342711282
2.801251083333333 11.926406481481482 0.008533019206534048 0.22907482933822393
3.14159 11.344630555555568 0.011583955485494098 0.1054078843160017
3.499382194444444 11.926406481481466 0.015308149162207484 0.12359419976044615
3.813541194444444 10.47196666666667 0.016318580848300866 0.03629988562711283
4.162606749999999 11.635518518518511 0.017969534564347585 0.05448620107155727
4.459312472222222 9.890190740740756 0.021177600608747637 0.1054078843160017
4.782198111111111 10.762854629629626 0.025463751432694356 0.1417805152048906
5.096357111111111 10.47196666666667 0.029155209741607742 0.12359419976044615
5.349429638888888 8.435750925925916 0.031739121439954464 0.08722156887155727
5.593775527777777 8.144862962962959 0.033793811358867845 0.06903525342711282
5.80321486111111 6.981311111111103 0.03586486896168123 0.06903525342711282
6.0039275555555545 6.690423148148147 0.039059840858961276 0.1054078843160017
6.1261005 4.072431481481509 0.04334599168290799 0.1417805152048906
6.230820166666666 3.490655555555537 0.043216141390634705 -7.274526177605757e-05
6.28318 1.745327777777798 0.04209004473831476 -0.03644537615066494
6.28318 0.0 0.04268255489549481 0.018113570182668386
6.2657267222222215 -0.5817759259259425 0.048733142043861526 0.1963394615382239
6.1871869722222215 -2.6179916666666676 0.06058007165068157 0.38911440524933505
6.030107472222221 -5.235983333333335 0.04539195217040829 -0.48019147299510934
5.820668138888888 -6.981311111111103 0.04851927097423501 0.08722156887155727
5.628682083333333 -6.39953518518519 0.05282178948208173 0.1417805152048906
5.349429638888888 -9.308414814814814 0.05763716208546178 0.15996683064933503
5.017817361111111 -11.053742592592583 0.056367029814821834 -0.03644537615066494
4.616391972222222 -13.380846296296294 0.06078084857318855 0.1417805152048906
4.206239944444444 -13.67173425925928 0.07222731551392193 0.37456535289377946
3.8048145555555553 -13.380846296296278 0.03614748430368866 -1.1567224075284426
3.4208424444444443 -12.799070370370366 -0.005072890830071279 -1.367683666683998
3.193949833333333 -7.563087037037046 -0.03520143217426456 -1.014869147061776
3.1503166388888886 -1.4544398148148119 -0.02383789483195784 0.3381927220048906
3.2288563888888886 2.6179916666666676 -0.009308847423391125 0.4800459824715573
3.2812162222222216 1.7453277777777685 0.0018331805968022587 0.37456535289377946
3.3073961388888886 0.872663888888899 0.014081664048635641 0.40730072069377943
3.289942861111111 -0.5817759259259278 0.030234385700082356 0.5346049288048905
3.1852231944444442 -3.4906555555555516 0.03582013062568907 0.1963394615382239
2.9932371388888885 -6.39953518518519 0.012600934245149123 -0.7457116784839982
2.827431 -5.526871296296291 -0.010894330403837492 -0.7820843093728872
2.792524444444444 -1.1635518518518555 -0.016823796691344105 -0.21467126750622048
2.8972441111111107 3.4906555555555516 -0.02382589186376405 -0.23285758295066494
3.06305025 5.5268712962963065 -0.0038376762850840062 0.6400855583826682
3.272489583333333 6.981311111111103 0.018062284773116045 0.7273798725160017
3.3946625277777773 4.0724314814814795 0.02010278936598276 0.08722156887155727
3.429569083333333 1.1635518518518555 0.016200733524222813 -0.12373969028399827
3.4732022777777773 1.4544398148148119 0.009116799932302865 -0.23285758295066494
3.5430153888888887 2.327103703703711 -0.003825673316890414 -0.425632526661776
3.682641611111111 4.654207407407407 -0.013897254810023693 -0.33833821252844265
3.9182608611111105 7.853974999999988 -0.016854349701290308 -0.10555337483955383
4.2585997777777775 11.344630555555568 -0.01732355663975692 -0.0182590607062205
4.651298527777778 13.089958333333337 -0.0030356597739835383 0.4618596670271128
5.043997277777777 13.089958333333307 0.01846274743920318 0.7091935570715572
5.410516111111111 12.217294444444468 0.020519619715969894 0.08722156887155727
5.707221833333333 9.890190740740728 0.012683863843576613 -0.2510438983951094
6.11737386111111 13.67173425925925 -0.012380516101956663 -0.818456940261776
6.4489861388888885 11.053742592592613 -0.052893807291236605 -1.3349482988839982
6.876591444444443 14.253510185185164 -0.12306315934946321 -2.3097348067062202
7.330376666666666 15.126174074074092 -0.20775282938484313 -2.808039849883998
7.792888527777777 15.417062037037018 -0.29199402488136306 -2.808039849883998
8.281580305555554 16.289725925925918 -0.3712899974822297 -2.6480002739728867
8.752818805555554 15.707950000000004 -0.4387041227506229 -2.2588131234617754
9.224057305555554 15.707950000000004 -0.4960161135159362 -1.9205476561951091
9.695295805555554 15.707950000000004 -0.5454279688521828 -1.6550274507062201
10.218894138888889 17.453277777777803 -0.5933929209316694 -1.600468504372887
10.707585916666666 16.289725925925918 -0.630954573124316 -1.2622030371062203
11.187551055555554 15.99883796296293 -0.6522991241088426 -0.7275253630395537
11.684969472222221 16.580613888888905 -0.6577157363008158 -0.19648495206177602
12.173661249999999 16.289725925925918 -0.6514720104824291 0.1963394615382239
12.671079666666666 16.580613888888905 -0.6400746465933957 0.37456535289377946
13.151044805555554 15.99883796296293 -0.6322094288899823 0.2654474602271128
13.639736583333331 16.289725925925918 -0.634698408021709 -0.07281800703955382
14.154608277777776 17.162389814814816 -0.6462114368769689 -0.3747108434173315
14.625846777777776 15.707950000000004 -0.6662192936763288 -0.6584173643506648
15.14071847222222 17.162389814814816 -0.693614431809222 -0.9057512543951094
15.61195697222222 15.707950000000004 -0.7224728408827753 -0.9603102007284426
16.100648749999998 16.289725925925918 -0.7480227954506753 -0.8548295711506649
16.606793805555554 16.87150185185189 -0.7731057254379619 -0.8366432557062204
17.078032305555553 15.707949999999945 -0.7938217573607285 -0.6947899952395538
17.57545072222222 16.580613888888962 -0.8074724057333283 -0.4620051575506649
18.055415861111108 15.998837962962872 -0.8120040718157749 -0.16011232117288715
18.544107638888885 16.289725925925918 -0.8118622185553083 -7.274526177605757e-05
19.041526055555554 16.580613888888962 -0.8069191780175082 0.15996683064933503
19.53021783333333 16.289725925925918 -0.7999847359385416 0.22907482933822393
20.03636288888889 16.87150185185189 -0.7941240139234149 0.1963394615382239
20.516328027777774 15.998837962962872 -0.7954268815618549 -0.03644537615066494
21.03119972222222 17.162389814814816 -0.7986556800058615 -0.10555337483955383
21.51116486111111 15.998837962962991 -0.7985629297970949 -7.274526177605757e-05
21.999856638888886 16.289725925925918 -0.7909224949525748 0.24726114478266836
22.479821777777776 15.998837962962991 -0.7829427034618615 0.2654474602271128
0.0 -749.3273925925926 -0.02991248791671328 -0.9603102007284426
-0.11344630555555554 -3.7815435185185184 -0.05490048533737989 -0.8366432557062204
-0.2268926111111111 -3.7815435185185184 -0.08213522016805316 -0.9057512543951094
-0.2181659722222222 0.29088796296296293 -0.10874580065267311 -0.8875649389506649
-0.03490655555555555 6.1086472222222215 -0.13267535451447304 -0.8002706248173315
0.2705258055555555 10.181078703703703 -0.15173825036333966 -0.6402310489062205
0.6544979166666666 12.79907037037037 -0.16599995893487293 -0.48019147299510934
1.0646499444444444 13.671734259259262 -0.1771463516707729 -0.3747108434173315
1.5009818888888886 14.544398148148142 -0.1905231141327795 -0.44381884210622047
1.9722203888888887 15.707950000000004 -0.20608550798489947 -0.5165641038839982
2.4434588888888884 15.70794999999999 -0.2281011340093261 -0.7275253630395537
2.9321506666666663 16.289725925925932 -0.2544225520783794 -0.8730158865951092
3.4033891666666665 15.707950000000004 -0.2789271572345327 -0.818456940261776
3.900807583333333 16.580613888888887 -0.295725856810566 -0.5674857871284427
4.380772722222222 15.998837962962961 -0.3056697703692793 -0.33833821252844265
4.834557944444444 15.126174074074061 -0.3114366509967126 -0.19648495206177602
5.3668829166666665 17.74416574074076 -0.3074407537672592 0.12359419976044615
5.855574694444444 16.289725925925918 -0.2944044391303725 0.4254870361382239
6.3442664722222215 16.289725925925918 -0.2772565622978058 0.5673402966048905
6.841684888888889 16.580613888888905 -0.26844092774926576 0.3018200911160017
7.330376666666666 16.289725925925918 -0.2759078651444457 -0.23285758295066494
7.949968027777777 20.653045370370354 -0.293233604142059 -0.5674857871284427
8.307760222222221 11.926406481481482 -0.3102581777559123 -0.5674857871284427
8.796451999999999 16.289725925925918 -0.32020209131462557 -0.33833821252844265
9.293870416666666 16.580613888888905 -0.3210237490464055 -0.03644537615066494
9.782562194444443 16.289725925925918 -0.30784339879119876 0.4254870361382239
10.297433888888888 17.162389814814816 -0.2857502990629787 0.7273798725160017
10.768672388888888 15.707950000000004 -0.268874125783152 0.5673402966048905
11.248637527777776 15.99883796296293 -0.25893457694014527 0.3381927220048906
11.807142416666665 18.616829629629628 -0.25317206102841855 0.1963394615382239
12.23474772222222 14.253510185185192 -0.2440225257283185 0.3018200911160017
12.732166138888887 16.580613888888905 -0.2338440087003718 0.3381927220048906
13.220857916666665 16.289725925925918 -0.2270699699236251 0.22907482933822393
13.709549694444442 16.289725925925918 -0.2261544708041517 0.03629988562711283
14.19824147222222 16.289725925925918 -0.230572654278225 -0.14192600572844272
14.809106194444443 20.362157407407427 -0.2188708514686516 0.37456535289377946
15.184351666666664 12.508182407407395 -0.1961699650782782 0.7455661879604462
15.673043444444442 16.289725925925918 -0.16391253364815817 1.0656453397826682
16.17046186111111 16.580613888888962 -0.1336290448963781 1.011086393449335
16.65915363888889 16.289725925925918 -0.11858168749764472 0.5164186133604461
17.156572055555554 16.580613888888845 -0.12230806353221134 -0.10555337483955383
17.741256861111108 19.48949351851847 -0.13210575911475128 -0.32015189708399827
18.13395561111111 13.089958333333367 -0.14002444458557123 -0.2655929507506649
18.640100666666665 16.87150185185189 -0.14259744449465117 -0.09100432248399827
19.120065805555555 15.998837962962991 -0.1386964798318178 0.12359419976044615
19.61748422222222 16.580613888888845 -0.12453625090046441 0.4618596670271128
20.114902638888886 16.580613888888845 -0.10022805795111103 0.8001251342937794
20.594867777777775 15.998837962962991 -0.06577190098375765 1.1383906015604461
21.09228619444444 16.580613888888845 -0.023415608587337607 1.403910807049335
21.580977972222218 16.289725925925918 0.02139910993086244 1.4912051211826682
22.05221647222222 15.707950000000064 0.07276635790369582 1.7058036434271127
22.418735305555554 12.217294444444468 0.11787133001638919 1.5093914366271126
22.60199472222222 6.108647222222174 0.1566343702072959 1.2984301774715572
22.59326808333333 -0.29088796296292685 0.1878322668996226 1.0474590243382238
22.410008666666663 -6.108647222222293 0.20284688893055597 0.5164186133604461
22.113302944444442 -9.890190740740698 0.20125595005547603 -0.03644537615066494
21.729330833333332 -12.799070370370321 0.19802715161146942 -0.10555337483955383
21.319178805555552 -13.671734259259338 0.19924381611470282 0.03629988562711283
20.865393583333333 -15.126174074073973 0.19977085553628288 0.018113570182668386
20.420334999999998 -14.835286111111165 0.19593099689334292 -0.12373969028399827
19.9490965 -15.707949999999945 0.18671162614193632 -0.3019655816395538
19.364411694444442 -19.489493518518586 0.1688861271959097 -0.585672102572887
19.0066195 -11.926406481481422 0.14794422123532308 -0.6947899952395538
18.517927722222222 -16.289725925925918 0.1249650842186498 -0.7638979939284427
18.037962583333332 -15.998837962962991 0.10362162441304985 -0.7129763106839982
17.56672408333333 -15.707950000000064 0.08616603512316325 -0.585672102572887
17.139118777777774 -14.253510185185192 0.07399066065941662 -0.4110834743062205
16.728966749999998 -13.671734259259221 0.06502989931363001 -0.3019655816395538
16.379901194444443 -11.635518518518495 0.05372310327551007 -0.3747108434173315
16.00465572222222 -12.508182407407395 0.036525032212316795 -0.5674857871284427
15.803943027777777 -6.690423148148147 0.017814587156763515 -0.622044733461776
15.707949999999999 -3.19976759259261 -0.00028479769985642844 -0.6038584180173315
15.77776311111111 2.327103703703711 -0.020648378829309706 -0.6766036797951093
16.01338236111111 7.853974999999973 -0.03813670348699632 -0.585672102572887
16.34499463888889 11.053742592592641 -0.053009472257462935 -0.4983777884395538
16.824959777777774 15.998837962962872 -0.06132971157329622 -0.2837792661951094
17.174025333333333 11.635518518518614 -0.06658373810519616 -0.17829863661733159
17.636537194444443 15.417062037037018 -0.06923530289699611 -0.09100432248399827
18.090322416666666 15.126174074074092 -0.07027956112981606 -0.03644537615066494
18.579014194444444 16.289725925925918 -0.075756188162756 -0.17829863661733159
19.05897933333333 15.998837962962872 -0.08492645586246261 -0.3019655816395538
19.669844055555554 20.362157407407487 -0.09735716619504922 -0.4110834743062205
20.027636249999997 11.926406481481422 -0.1101392361420225 -0.425632526661776
20.516328027777774 16.289725925925918 -0.12347016908910911 -0.44381884210622047
21.02247308333333 16.87150185185189 -0.1335253828983424 -0.33833821252844265
21.50243822222222 15.998837962962991 -0.13929226352577567 -0.19648495206177602
21.999856638888886 16.580613888888845 -0.14687268352932895 -0.2510438983951094
22.488548416666664 16.289725925925918 -0.1548535661989689 -0.2655929507506649
22.97724019444444 16.289725925925918 -0.1673170118993555 -0.4110834743062205
23.553198361111107 19.19860555555554 -0.18178495328802877 -0.48019147299510934
23.963350388888887 13.671734259259338 -0.18911003742274204 -0.2510438983951094
24.452042166666665 16.289725925925918 -0.18011981424593532 0.28363377567155723
24.96691386111111 17.162389814814816 -0.1594725265955486 0.6764581892715572
25.446878999999996 15.998837962962872 -0.13423355802174858 0.8364977651826684
25.944297416666664 16.580613888888962 -0.1119484108024352 0.7455661879604462
26.415535916666663 15.707949999999945 -0.10329317955611515 0.3018200911160017
26.930407611111107 17.162389814814816 -0.08704552533804844 0.5346049288048905
27.419099388888885 16.289725925925918 -0.06943389746164838 0.585526612049335
27.907791166666662 16.289725925925918 -0.045237004762814996 0.8001251342937794
28.40520958333333 16.580613888888962 -0.010218890648228283 1.1565769170048905
28.88517472222222 15.998837962962991 0.03324494835875843 1.4402834379382239
29.496039444444442 20.362157407407366 0.08241019725757848 1.633058381649335
29.827651722222218 11.053742592592524 0.13421173444322518 1.7239899588715573
30.167990638888885 11.344630555555568 0.16884793593347858 1.171125969360446
30.29016358333333 4.072431481481568 0.19083191776903197 0.7455661879604462
30.229077111111106 -2.036215740740843 0.21151303196614535 0.6910072416271127
30.019637777777774 -6.981311111111074 0.23449107780389208 0.7637525034048906
29.696752138888886 -10.762854629629597 0.2579656100532721 0.7819388188493349
29.33895994444444 -11.926406481481541 0.2671500630790255 0.3200064065604461
28.88517472222222 -15.126174074073973 0.2723669895274189 0.17815314609377947
28.440116138888886 -14.835286111111165 0.2733283181618123 0.03629988562711283
27.986330916666663 -15.126174074074092 0.27497927187785903 0.05448620107155727
27.515092416666665 -15.707949999999945 0.27931125221672576 0.1417805152048906
27.043853916666663 -15.707950000000064 0.28525053911457243 0.1963394615382239
26.555162138888885 -16.289725925925918 0.29001680866625246 0.15996683064933503
26.110103555555554 -14.835286111111046 0.2866112392361258 -0.10555337483955383
25.612685138888885 -16.580613888888962 0.2817587665492392 -0.16011232117288715
25.13272 -15.998837962962872 0.2697623454294659 -0.392897158861776
24.644028222222218 -16.289725925926035 0.2579754306636126 -0.392897158861776
24.15533644444444 -16.289725925925918 0.2484363444866927 -0.32015189708399827
23.684097944444442 -15.707949999999945 0.24051765901587274 -0.2655929507506649
23.08195986111111 -20.07126944444444 0.21984963896587947 -0.6766036797951093
22.724167666666663 -11.926406481481541 0.20067544286649286 -0.6402310489062205
22.244202527777777 -15.998837962962872 0.18809960573665957 -0.425632526661776
21.75551075 -16.289725925925918 0.18184933284471297 -0.21467126750622048
21.27554561111111 -15.998837962962991 0.17821898055569302 -0.12373969028399827
20.804307111111108 -15.707950000000064 0.16618982406811975 -0.392897158861776
20.31561533333333 -16.289725925925918 0.14732224924712647 -0.622044733461776
19.85310347222222 -15.417062037037018 0.13079634440275986 -0.5529367347728871
19.364411694444442 -16.289725925925918 0.12904391104653326 -0.07281800703955382
18.875719916666664 -16.289725925925918 0.13461437946716664 0.17815314609377947
18.387028138888887 -16.289725925925918 0.14434223959840004 0.3200064065604461
17.924516277777776 -15.417062037037018 0.15944961183810008 0.49823229791600165
17.4358245 -16.289725925925918 0.17597006078783345 0.5491539811604461
16.95585936111111 -15.998837962962991 0.19356859451711347 0.585526612049335
16.47589422222222 -15.998837962962991 0.20461568997068685 0.37456535289377946
15.978475805555554 -16.580613888888845 0.2025904618827936 -0.05463169159510938
