0.0 0.0 -2.2478285889312885e-05 -0.0007274526177771161
0.0 0.0 0.00107961243004404 0.03564517827111177
0.0 0.0 0.002148967778177393 0.03564517827111177
0.0 0.0 0.0037802802735440798 0.05383149371555621
-0.017453277777777776 -0.5817759259259259 0.004833267937777433 0.03564517827111177
-0.04363319444444444 -0.8726638888888888 0.0036547946969774535 -0.03710008350666601
-0.0698131111111111 -0.8726638888888888 0.0004063550322908073 -0.10620808219555487
-0.07853974999999999 -0.29088796296296293 -0.003341844580809173 -0.12439439763999934
-0.07853974999999999 0.0 -0.005949762215542486 -0.08802176675111044
-0.04363319444444444 1.1635518518518517 -0.008028458070842464 -0.069835451306666
0.008726638888888888 1.7453277777777776 -0.00956156446280911 -0.05164913586222155
0.09599302777777777 2.9088796296296295 0.004174195866070908 0.44301864422666726
0.1483528611111111 1.7453277777777776 0.010946052284964262 0.23205738507111176
0.13089958333333332 -0.5817759259259259 0.011276679499744282 0.017458862826667327
0.08726638888888888 -1.4544398148148148 0.012362402531777636 0.03564517827111177
0.017453277777777776 -2.3271037037037035 0.009610449278724321 -0.08802176675111044
-0.0698131111111111 -2.9088796296296295 0.0009006590860710091 -0.28443397355111044
-0.1396262222222222 -2.3271037037037035 -0.0021251800775756373 -0.10620808219555487
-0.15707949999999998 -0.5817759259259259 0.0028931518061643823 0.159312123293334
-0.18325941666666665 -0.8726638888888888 0.0076725155049644014 0.159312123293334
-0.24434588888888886 -2.0362157407407406 0.005933176295857755 -0.05164913586222155
-0.3228856388888889 -2.6179916666666676 0.0038217450727577747 -0.069835451306666
-0.39269875 -2.3271037037037035 0.004424075840277795 0.017458862826667327
-0.47123849999999995 -2.6179916666666654 0.004385884577844482 -0.0007274526177771161
-0.5672315277777777 -3.1997675925925932 0.004926018146544501 0.017458862826667327
-0.6457712777777778 -2.6179916666666676 0.003763912589644521 -0.03710008350666601
-0.7504909444444443 -3.4906555555555516 0.001639387219424541 -0.069835451306666
-0.8464839722222222 -3.199767592592595 0.0022417179869445606 0.017458862826667327
-0.9424769999999999 -3.1997675925925915 0.003889398166211247 0.05383149371555621
-1.0559233055555555 -3.7815435185185193 0.0038184715359779334 -0.0007274526177771161
-1.1955495277777777 -4.654207407407407 0.0032346908102112867 -0.01891376806222156
-1.326449111111111 -4.363319444444444 0.0016557549033246403 -0.05164913586222155
-1.474801972222222 -4.945095370370371 0.00010628082745799388 -0.05164913586222155
-1.6318814722222221 -5.235983333333335 -0.0025671075428753192 -0.08802176675111044
-1.780234333333333 -4.945095370370364 -0.0019484090914552998 0.017458862826667327
-1.9198605555555552 -4.654207407407407 -0.0008626860594219468 0.03564517827111177
-2.0856666944444444 -5.5268712962963065 0.00020666928871140616 0.03564517827111177
-2.268926111111111 -6.108647222222219 -0.00310724111157524 -0.10620808219555487
-2.4609121666666662 -6.399535185185176 -0.00415804641795522 -0.03710008350666601
-2.6441715833333332 -6.108647222222234 -0.006844528935408533 -0.08802176675111044
-2.8361576388888885 -6.399535185185176 -0.008923224790708511 -0.069835451306666
-3.019417055555555 -6.108647222222219 -0.008882851170421825 -0.0007274526177771161
-3.202676472222222 -6.108647222222234 -0.011040111908441804 -0.069835451306666
-3.3859358888888886 -6.108647222222219 -0.011561695435388451 -0.01891376806222156
-3.577921944444444 -6.399535185185176 -0.009881279888321765 0.05383149371555621
-3.761181361111111 -6.108647222222234 -0.011525686530808411 -0.05164913586222155
-3.9618940555555553 -6.690423148148147 -0.015322989195608393 -0.12439439763999934
-4.1538801111111106 -6.399535185185176 -0.01410959822915504 0.03564517827111177
-4.337139527777778 -6.108647222222234 -0.014164157175488353 -0.0007274526177771161
-4.537852222222222 -6.690423148148147 -0.015759460766274998 -0.05164913586222155
-4.738564916666666 -6.690423148148147 -0.01685936912435498 -0.03710008350666601
-4.939277611111111 -6.690423148148147 -0.018421937347341624 -0.05164913586222155
-5.122537027777777 -6.108647222222205 -0.018397931410954936 -0.0007274526177771161
-5.323249722222221 -6.690423148148147 -0.020555192148974916 -0.069835451306666
-5.515235777777777 -6.39953518518519 -0.021076775675921564 -0.01891376806222156
-5.698495194444444 -6.108647222222234 -0.020520274423321543 0.017458862826667327
-5.89048125 -6.39953518518519 -0.022693902845241525 -0.069835451306666
-6.0824673055555545 -6.399535185185161 -0.02422700923720817 -0.05164913586222155
-6.257000083333333 -5.817759259259278 -0.02633844046030815 -0.069835451306666
-6.43153286111111 -5.8177592592592475 -0.0268600239872548 -0.01891376806222156
-6.597338999999999 -5.526871296296291 -0.023493736998488113 0.10839044004888954
-6.771871777777777 -5.817759259259278 -0.025187246692674758 -0.05164913586222155
-6.946404555555555 -5.8177592592592475 -0.02954650650470807 -0.14258071308444376
-7.112210694444443 -5.526871296296291 -0.03000261929605472 -0.01891376806222156
-7.2692901944444435 -5.235983333333335 -0.028322203748988035 0.05383149371555621
-7.417643055555555 -4.945095370370378 -0.02726921608475468 0.03564517827111177
-7.574722555555555 -5.235983333333335 -0.030021169337807994 -0.08802176675111044
-7.740528694444444 -5.526871296296291 -0.03209986519310797 -0.069835451306666
-7.880154916666666 -4.654207407407422 -0.03363297158507462 -0.05164913586222155
-8.019781138888888 -4.654207407407393 -0.03192309420698793 0.05383149371555621
-8.141954083333333 -4.072431481481509 -0.03087010654275458 0.03564517827111177
-8.281580305555554 -4.6542074074073625 -0.034184016943041226 -0.10620808219555487
-8.421206527777777 -4.654207407407422 -0.03680830226167454 -0.08802176675111044
-8.525926194444443 -3.490655555555537 -0.03731351810472118 -0.01891376806222156
-8.63064586111111 -3.490655555555596 -0.03563310255765449 0.05383149371555621
-8.726638888888887 -3.1997675925925506 -0.03570402918788781 -0.0007274526177771161
-8.831358555555555 -3.490655555555596 -0.04010911851484112 -0.14258071308444376
-8.918624944444444 -2.9088796296296238 -0.042138711318441095 -0.069835451306666
-8.970984777777776 -1.7453277777777387 -0.038726594814754406 0.10839044004888954
-9.01461797222222 -1.4544398148148119 -0.03772271020222106 0.03564517827111177
-9.058251166666667 -1.4544398148148712 -0.039350749160807705 -0.05164913586222155
-9.10188436111111 -1.4544398148148119 -0.040450657518887684 -0.03710008350666601
-9.119337638888888 -0.581775925925913 -0.038753874287921 0.05383149371555621
-9.136790916666666 -0.581775925925913 -0.036576972329220976 0.07201780916000065
-9.145517555555555 -0.2908879629629861 -0.03823774665560763 -0.05164913586222155
-9.162970833333333 -0.581775925925913 -0.04034917787870761 -0.069835451306666
-9.162970833333333 0.0 -0.04143271855288759 -0.03710008350666601
-9.145517555555555 0.581775925925913 -0.043557243923107565 -0.069835451306666
-9.110610999999999 1.163551851851885 -0.047338178904007544 -0.12439439763999934
-9.058251166666667 1.7453277777777387 -0.05163196798044086 -0.14258071308444376
-8.962258138888888 3.19976759259261 -0.04275959212771418 0.2829790683155562
-8.848811833333333 3.781543518518523 -0.03528174294326749 0.25024370051555617
-8.78772536111111 2.036215740740725 -0.036091397706854135 -0.01891376806222156
-8.744092166666666 1.4544398148148119 -0.04261555650939411 -0.21168871177333265
-8.691732333333333 1.745327777777798 -0.04402099496694076 -0.05164913586222155
-8.595739305555554 3.19976759259261 -0.04287307473608741 0.03564517827111177
-8.499746277777778 3.1997675925925506 -0.04067980509348739 0.07201780916000065
-8.386299972222222 3.781543518518523 -0.04234057941987404 -0.05164913586222155
-8.281580305555554 3.490655555555596 -0.04389005349574069 -0.05164913586222155
-8.141954083333333 4.6542074074073625 -0.040494304675954 0.10839044004888954
-8.00232786111111 4.654207407407422 -0.03679302575670065 0.1229394924044451
-7.871428277777777 4.363319444444466 -0.036364192438520626 0.017458862826667327
-7.740528694444444 4.363319444444436 -0.0402236923021406 -0.12439439763999934
-7.600902472222222 4.654207407407393 -0.041258129924620586 -0.03710008350666601
-7.417643055555555 6.108647222222234 -0.0395613466936539 0.05383149371555621
-7.234383638888888 6.108647222222234 -0.035810964722700546 0.1229394924044451
-7.042397583333333 6.399535185185161 -0.03313430281558719 0.09020412460444509
-6.867864805555555 5.817759259259278 -0.034361879108087176 -0.03710008350666601
-6.6846053888888886 6.108647222222205 -0.03491292446605382 -0.01891376806222156
-6.483892694444444 6.690423148148147 -0.03491838036068713 -0.0007274526177771161
-6.2657267222222215 7.27219907407409 -0.029994981043567112 0.159312123293334
-6.056287388888888 6.981311111111103 -0.026789097357020425 0.10839044004888954
-5.846848055555555 6.981311111111103 -0.026347169891720406 0.017458862826667327
-5.654862 6.39953518518519 -0.02795884116640705 -0.05164913586222155
-5.445422666666666 6.981311111111133 -0.029058749524487032 -0.03710008350666601
-5.2098034166666665 7.853974999999973 -0.025676094851820343 0.10839044004888954
-4.982910805555555 7.563087037037046 -0.023548295944820326 0.07201780916000065
-4.756018194444444 7.563087037037046 -0.021387761670020308 0.07201780916000065
-4.537852222222222 7.272199074074059 -0.02259897027862029 -0.03710008350666601
-4.319686249999999 7.27219907407409 -0.02315001563658694 -0.01891376806222156
-4.066613722222222 8.435750925925916 -0.022031557236753586 0.03564517827111177
-3.830994472222222 7.853975000000002 -0.01927633044692023 0.09020412460444509
-3.586648583333333 8.144862962962959 -0.01657020670878688 0.09020412460444509
-3.333576055555555 8.43575092592593 -0.01779778300128686 -0.03710008350666601
-3.097956805555555 7.853975000000002 -0.01666295691755351 0.03564517827111177
-2.827431 9.017526851851843 -0.011210335821000157 0.17749843873777843
-2.5918117499999997 7.853975000000002 -0.010268648407286803 0.03564517827111177
-2.347465861111111 8.144862962962959 -0.01088516450085345 -0.01891376806222156
-2.1292998888888888 7.2721990740740745 -0.012464100407740097 -0.05164913586222155
-1.8762273611111109 8.43575092592593 -0.009630308735186745 0.09020412460444509
-1.6231548333333332 8.435750925925923 -0.006924184997053393 0.09020412460444509
-1.3788089444444442 8.144862962962966 -0.008151761289553373 -0.03710008350666601
-1.1431896944444444 7.853974999999995 -0.007578892353053353 0.017458862826667327
-0.8988438055555554 8.144862962962966 -0.005931212173786666 0.05383149371555621
-0.6457712777777778 8.435750925925923 -0.005440181656786647 0.017458862826667327
-0.40142538888888885 8.144862962962964 -0.002668587183053295 0.09020412460444509
-0.11344630555555554 9.599302777777778 -0.0005244205921532752 0.07201780916000065
0.09599302777777777 6.98131111111111 0.0027600279771134105 0.10839044004888954
0.3228856388888889 7.563087037037038 0.006461306896366764 0.1229394924044451
0.5148716944444444 6.399535185185183 0.004754703055060117 -0.05164913586222155
0.698131111111111 6.108647222222222 -0.0007284710514398632 -0.17895334397333268
0.8988438055555554 6.690423148148147 -2.7934180519843425e-05 0.017458862826667327
1.1170097777777777 7.2721990740740745 0.006003011747166842 0.19568475418222286
1.326449111111111 6.98131111111111 0.008614202918680196 0.09020412460444509
1.5097085277777775 6.108647222222219 0.007386626626180216 -0.03710008350666601
1.6842413055555554 5.817759259259263 0.010769281298846902 0.10839044004888954
1.858774083333333 5.8177592592592555 0.012335123058613588 0.05383149371555621
1.9896736666666666 4.363319444444451 0.009566802121660275 -0.08802176675111044
2.1380265277777775 4.945095370370364 0.0074881062663602945 -0.069835451306666
2.286379388888889 4.945095370370378 0.008652394181113647 0.03564517827111177
2.4434588888888884 5.23598333333332 0.011969578118180333 0.10839044004888954
2.574358472222222 4.363319444444451 0.015221291319647019 0.10839044004888954
2.6965314166666663 4.0724314814814795 0.014539304490480373 -0.01891376806222156
2.792524444444444 3.199767592592595 0.012398411436360394 -0.069835451306666
2.888517472222222 3.199767592592595 0.01243878505664708 -0.0007274526177771161
2.9845105 3.199767592592595 0.013540875772580433 0.03564517827111177
3.0717768888888886 2.9088796296296238 0.016296102562413785 0.09020412460444509
3.1503166388888886 2.6179916666666676 0.015630483417147137 -0.01891376806222156
3.193949833333333 1.4544398148148119 0.012927633215793823 -0.08802176675111044
3.255036305555555 2.0362157407407397 0.012984374519980508 -0.0007274526177771161
3.3161227777777773 2.0362157407407397 0.014648422383147194 0.05383149371555621
3.368482611111111 1.7453277777777831 0.015139452900147215 0.017458862826667327
3.3946625277777773 0.8726638888888842 0.015663218784947235 0.017458862826667327
3.429569083333333 1.1635518518518555 0.017310898964213922 0.05383149371555621
3.4382957222222217 0.2908879629629565 0.016678015186747275 -0.01891376806222156
3.4382957222222217 0.0 0.016110602144880627 -0.01891376806222156
3.4382957222222217 0.0 0.016667103397480648 0.017458862826667327
3.4382957222222217 0.0 0.018876740723980667 0.07201780916000065
3.4208424444444443 -0.581775925925913 0.022161189293247355 0.10839044004888954
3.3859358888888886 -1.1635518518518555 0.026424425359734043 0.14112580784888956
3.3073961388888886 -2.6179916666666676 0.027960805288480727 0.05383149371555621
3.202676472222222 -3.4906555555555516 0.017999432866940748 -0.3208066044399993
3.0892301666666664 -3.781543518518523 0.009499149028207435 -0.28443397355111044
3.036870333333333 -1.7453277777777831 0.014677884214167455 0.159312123293334
3.0019637777777772 -1.1635518518518555 0.023278556514154138 0.2829790683155562
2.9234240277777777 -2.6179916666666525 0.02243943991954749 -0.01891376806222156
2.792524444444444 -4.363319444444451 0.01748876112926084 -0.16076702852888822
2.6790781388888885 -3.781543518518523 0.016487058874580858 -0.03710008350666601
2.5656318333333332 -3.7815435185185082 0.015374056369380877 -0.03710008350666601
2.4521855277777775 -3.781543518518523 0.01650888245311423 0.03564517827111177
2.330012583333333 -4.0724314814814795 0.018140194948480914 0.05383149371555621
2.190386361111111 -4.654207407407407 0.015933831158760934 -0.069835451306666
2.0507601388888888 -4.654207407407407 0.014400724766794288 -0.05164913586222155
1.8936806388888887 -5.235983333333335 0.014424730703180974 -0.0007274526177771161
1.7453277777777776 -4.945095370370371 0.01608877856634766 0.05383149371555621
1.570795 -5.8177592592592555 0.01388241477662768 -0.069835451306666
1.3875355833333332 -6.108647222222227 0.010663436942961034 -0.10620808219555487
1.2042761666666666 -6.108647222222219 0.010174588783814387 -0.01891376806222156
1.0210167499999998 -6.108647222222227 0.010169132889181073 -0.0007274526177771161
0.8377573333333332 -6.108647222222219 0.011271223605114426 0.03564517827111177
0.6108647222222221 -7.563087037037039 0.00964318464652778 -0.05164913586222155
0.4101520277777777 -6.690423148148147 0.0075317534234278 -0.069835451306666
0.20071269444444442 -6.9813111111111095 0.005998647031461153 -0.05164913586222155
-0.026179916666666664 -7.563087037037037 0.0022013443666611733 -0.12439439763999934
-0.2268926111111111 -6.690423148148148 0.00015538387916119313 -0.069835451306666
-0.42760530555555554 -6.690423148148149 0.003567500382847879 0.10839044004888954
-0.6283179999999999 -6.690423148148147 0.0072687793021012324 0.1229394924044451
-0.8464839722222222 -7.2721990740740745 0.0016284754301612524 -0.17895334397333268
-1.0995564999999998 -8.435750925925923 -0.00261621059457206 -0.14258071308444376
-1.3089958333333331 -6.98131111111111 0.0008613766447146262 0.10839044004888954
-1.5271618055555554 -7.2721990740740745 0.0007413469627813127 -0.0007274526177771161
-1.788960972222222 -8.726638888888887 -0.005349613805872001 -0.1971396594177771
-2.015853583333333 -7.563087037037039 -0.00901597499947198 -0.12439439763999934
-2.242746194444444 -7.563087037037031 -0.005105189726298628 0.1229394924044451
-2.4696388055555554 -7.563087037037046 -0.002990484966418608 0.07201780916000065
-2.731437972222222 -8.726638888888887 -0.009596482188458587 -0.21168871177333265
-2.9757838611111107 -8.144862962962959 -0.017633014983358567 -0.266247658106666
-3.202676472222222 -7.563087037037046 -0.014606084640785215 0.09020412460444509
-3.3946625277777773 -6.399535185185176 -0.010326480890398528 0.14112580784888956
-3.6128284999999996 -7.2721990740740745 -0.01485923815177184 -0.14258071308444376
-3.8397211111111105 -7.563087037037031 -0.01587730809035182 -0.03710008350666601
-4.057887083333333 -7.27219907407409 -0.014180524859385134 0.05383149371555621
-4.2585997777777775 -6.690423148148147 -0.01582493150187178 -0.05164913586222155
-4.494219027777778 -7.853975000000002 -0.02074614846113843 -0.16076702852888822
-4.686205083333332 -6.399535185185161 -0.019500022126885074 0.03564517827111177
-4.886917777777777 -6.690423148148147 -0.016182838189818388 0.10839044004888954
-5.0789038333333325 -6.39953518518519 -0.01742678216621837 -0.03710008350666601
-5.305796444444444 -7.563087037037046 -0.020675221830905016 -0.10620808219555487
-5.506509138888888 -6.690423148148147 -0.02329950714953833 -0.08802176675111044
-5.689768555555555 -6.108647222222234 -0.020994937256418312 0.07201780916000065
-5.873027972222221 -6.108647222222205 -0.024341583024504957 -0.10620808219555487
-6.056287388888888 -6.108647222222234 -0.026403911195904937 -0.069835451306666
-6.222093527777777 -5.526871296296291 -0.028498974735104918 -0.069835451306666
-6.387899666666666 -5.526871296296291 -0.025648815378651567 0.09020412460444509
-6.536252527777777 -4.945095370370378 -0.024628563082218214 0.03564517827111177
-6.693332027777777 -5.235983333333335 -0.028504430629738193 -0.12439439763999934
-6.850411527777777 -5.235983333333335 -0.02998843397000484 -0.05164913586222155
-6.98131111111111 -4.363319444444436 -0.028278556591918153 0.05383149371555621
-7.120937333333332 -4.654207407407393 -0.026101654633218136 0.07201780916000065
-7.251836916666666 -4.363319444444466 -0.026188948947351447 -0.0007274526177771161
-7.408916416666666 -5.235983333333335 -0.03329143258102476 -0.2298750272177771
-7.539815999999999 -4.363319444444436 -0.037490289090838076 -0.14258071308444376
-7.627082388888888 -2.9088796296296238 -0.03401270185155139 0.10839044004888954
-7.6881688611111105 -2.0362157407407544 -0.029749465785064703 0.14112580784888956
-7.775435249999999 -2.9088796296296238 -0.03147243731027135 -0.05164913586222155
-7.871428277777777 -3.1997675925925804 -0.032010388521118 -0.01891376806222156
-7.949968027777777 -2.6179916666666676 -0.03313975871021798 -0.03710008350666601
-8.019781138888888 -2.327103703703711 -0.03425276121541796 -0.03710008350666601
-8.08086761111111 -2.036215740740725 -0.0348038065733846 -0.01891376806222156
-8.124500805555554 -1.4544398148148119 -0.03480926246801792 -0.0007274526177771161
-8.15940736111111 -1.163551851851885 -0.034269128899317894 0.017458862826667327
-8.194313916666665 -1.163551851851826 -0.034869277308984536 -0.01891376806222156
-8.211767194444443 -0.581775925925913 -0.03644821321587118 -0.05164913586222155
-8.229220472222222 -0.5817759259259722 -0.03698616442671783 -0.01891376806222156
-8.229220472222222 0.0 -0.03699162032135114 -0.0007274526177771161
-8.229220472222222 0.0 -0.03813735819435112 -0.03710008350666601
-8.211767194444443 0.5817759259259722 -0.040823840711804435 -0.08802176675111044
-8.185587277777778 0.8726638888888398 -0.04458840800880441 -0.12439439763999934
-8.115774166666666 2.327103703703711 -0.04719632564353773 -0.08802176675111044
-8.019781138888888 3.19976759259261 -0.04107044714923104 0.19568475418222286
-7.897608194444444 4.0724314814814795 -0.03137859592257769 0.31935169920444506
-7.827795083333332 2.327103703703711 -0.03225044788498434 -0.01891376806222156
-7.784161888888888 1.4544398148148119 -0.03933656383475765 -0.2298750272177771
-7.723075416666666 2.036215740740725 -0.041849548902870966 -0.08802176675111044
-7.6096291111111105 3.781543518518523 -0.03740954185026427 0.14112580784888956
-7.5049094444444435 3.4906555555555663 -0.036997076215984255 0.017458862826667327
-7.400189777777777 3.490655555555537 -0.038608747490670906 -0.05164913586222155
-7.278016833333332 4.072431481481509 -0.03633691296535088 0.07201780916000065
-7.155843888888888 4.0724314814814795 -0.03530029298501753 0.03564517827111177
-7.024944305555555 4.363319444444436 -0.038052246238070846 -0.08802176675111044
-6.885318083333333 4.654207407407393 -0.03855746208111749 -0.01891376806222156
-6.719511944444443 5.526871296296321 -0.03575313223958414 0.09020412460444509
-6.544979166666666 5.8177592592592475 -0.03417092279591745 0.05383149371555621
-6.361719749999999 6.108647222222234 -0.032555977984450764 0.05383149371555621
-6.1871869722222215 5.8177592592592475 -0.030379076025750747 0.07201780916000065
-5.995200916666666 6.39953518518519 -0.02878049889818406 0.05383149371555621
-5.8119415 6.108647222222205 -0.027727511233950706 0.03564517827111177
-5.637408722222221 5.817759259259278 -0.027220113033050684 0.017458862826667327
-5.454149305555555 6.108647222222205 -0.025572432853783997 0.05383149371555621
-5.279616527777777 5.817759259259278 -0.02564335948401731 -0.0007274526177771161
-5.087630472222222 6.399535185185161 -0.026789097357017292 -0.03710008350666601
-4.895644416666666 6.39953518518519 -0.027902099862217273 -0.03710008350666601
-4.677478444444444 7.27219907407409 -0.027891188072950584 -0.0007274526177771161
-4.450585833333333 7.5630870370370165 -0.022405831608597233 0.17749843873777843
-4.223693222222222 7.563087037037046 -0.018204792740930547 0.14112580784888956
-4.005527249999999 7.27219907407409 -0.020489721413370528 -0.069835451306666
-3.8048145555555553 6.690423148148132 -0.02258478495257051 -0.069835451306666
-3.569195305555555 7.853975000000002 -0.019734625596117154 0.09020412460444509
-3.3423026944444443 7.563087037037031 -0.0160169789929638 0.1229394924044451
-3.124136722222222 7.2721990740740745 -0.015026188527550445 0.03564517827111177
-2.888517472222222 7.853975000000002 -0.01339487603218376 0.05383149371555621
-2.6703514999999998 7.2721990740740745 -0.012341888367950407 0.03564517827111177
-2.4609121666666662 6.981311111111118 -0.011272533019817054 0.03564517827111177
-2.2252929166666666 7.853974999999988 -0.0102031776716837 0.03564517827111177
-2.015853583333333 6.981311111111118 -0.011831216630270347 -0.05164913586222155
-1.7976876111111109 7.2721990740740745 -0.011245253546650326 0.017458862826667327
-1.562068361111111 7.853974999999995 -0.00959757336738364 0.05383149371555621
-1.326449111111111 7.853975000000002 -0.0062967571142169545 0.10839044004888954
-1.1082831388888887 7.2721990740740745 -0.0025954781949636017 0.1229394924044451
-0.8988438055555554 6.98131111111111 -0.003852516318483582 -0.03710008350666601
-0.698131111111111 6.690423148148147 -0.006538998835936895 -0.08802176675111044
-0.4886917777777777 6.98131111111111 -0.005920300384516876 0.017458862826667327
-0.2530725277777778 7.853974999999998 -0.0015752258985301886 0.14112580784888956
-0.03490655555555555 7.2721990740740745 0.002096591189703164 0.1229394924044451
0.16580613888888887 6.690423148148148 0.0036493388023498504 0.05383149371555621
0.3490655555555555 6.1086472222222215 0.00245449787764987 -0.03710008350666601
0.5148716944444444 5.526871296296295 0.0013414953724498896 -0.03710008350666601
0.698131111111111 6.108647222222222 0.0036002357506499092 0.07201780916000065
0.8726638888888888 5.817759259259259 0.0035129414365165958 -0.0007274526177771161
1.0471966666666666 5.817759259259259 0.004053075005216615 0.017458862826667327
1.2042761666666666 5.235983333333335 0.005700755184483302 0.05383149371555621
1.3613556666666664 5.235983333333327 0.006191785701483321 0.017458862826667327
1.5097085277777775 4.945095370370371 0.004580114426796674 -0.05164913586222155
1.6493347499999997 4.654207407407407 0.0034802060687166942 -0.03710008350666601
1.8151408888888887 5.5268712962962985 0.00686286074138338 0.10839044004888954
1.9634937499999998 4.945095370370371 0.010114573942850067 0.10839044004888954
2.103119972222222 4.6542074074074 0.009432587113683421 -0.01891376806222156
2.2165662777777775 3.781543518518523 0.008865174071816775 -0.01891376806222156
2.338739222222222 4.0724314814814795 0.011107546766116794 0.07201780916000065
2.4521855277777775 3.781543518518523 0.012144166746450148 0.03564517827111177
2.556905194444444 3.4906555555555516 0.012651564947350168 0.017458862826667327
2.652898222222222 3.199767592592595 0.012613373684916853 -0.0007274526177771161
2.731437972222222 2.6179916666666676 0.012591550106383539 -0.0007274526177771161
2.801251083333333 2.3271037037036963 0.01313168367508356 0.017458862826667327
2.8623375555555555 2.0362157407407544 0.013093492412650246 -0.0007274526177771161
2.9234240277777777 2.0362157407407397 0.011947754539650265 -0.03710008350666601
2.967057222222222 1.4544398148148119 0.009823229169430285 -0.069835451306666
3.019417055555555 1.7453277777777685 0.012111431378650304 0.07201780916000065
3.0805035277777773 2.0362157407407397 0.014833922800683658 0.09020412460444509
3.106683444444444 0.872663888888899 0.014730260802650344 -0.0007274526177771161
3.115410083333333 0.2908879629629565 0.013134957211863698 -0.05164913586222155
3.124136722222222 0.29088796296297126 0.012035048853783717 -0.03710008350666601
3.1328633611111107 0.2908879629629565 0.012045960643050403 -0.0007274526177771161
3.14159 0.29088796296297126 0.012586094211750424 0.017458862826667327
3.14159 0.0 0.013671817243783777 0.03564517827111177
3.14159 0.0 0.015303129739150463 0.05383149371555621
3.124136722222222 -0.5817759259259278 0.018041988845083817 0.09020412460444509
3.097956805555555 -0.872663888888899 0.021759635448237172 0.1229394924044451
3.045596972222222 -1.7453277777777685 0.026571734514837193 0.159312123293334
2.949603944444444 -3.199767592592595 0.01763934382114388 -0.28443397355111044
2.8448842777777776 -3.4906555555555516 0.010792196056310568 -0.2298750272177771
2.792524444444444 -1.7453277777777831 0.014348348178317255 0.10839044004888954
2.74889125 -1.4544398148148119 0.019735498539270608 0.17749843873777843
2.6790781388888885 -2.327103703703711 0.017979791646263964 -0.05164913586222155
2.574358472222222 -3.4906555555555516 0.014182488981463983 -0.12439439763999934
2.495818722222222 -2.6179916666666676 0.015957837095150668 0.05383149371555621
2.417278972222222 -2.6179916666666676 0.018134739053850685 0.07201780916000065
2.3125593055555553 -3.4906555555555516 0.01647396472746404 -0.05164913586222155
2.1991129999999997 -3.781543518518523 0.014924490651597394 -0.05164913586222155
2.0856666944444444 -3.7815435185185082 0.017196325176917413 0.07201780916000065
1.9722203888888887 -3.781543518518523 0.016547073715550763 -0.01891376806222156
1.8238675277777776 -4.945095370370371 0.011034437778030783 -0.17895334397333268
1.6842413055555554 -4.654207407407407 0.010611060354484137 -0.01891376806222156
1.562068361111111 -4.0724314814814795 0.012853433048784156 0.07201780916000065
1.4224421388888888 -4.654207407407407 0.01220418158741751 -0.01891376806222156
1.2740892777777777 -4.945095370370371 0.010063288533297531 -0.069835451306666
1.1257364166666666 -4.945095370370371 0.008530182141330885 -0.05164913586222155
0.9773835555555554 -4.945095370370371 0.009678102372184237 0.03564517827111177
0.8290306944444443 -4.945095370370371 0.009623543425850924 -0.0007274526177771161
0.6632245555555555 -5.526871296296295 0.008028239835064278 -0.05164913586222155
0.49741841666666664 -5.526871296296295 0.006928331476984298 -0.03710008350666601
0.33161227777777774 -5.526871296296297 0.004803806106764318 -0.069835451306666
0.16580613888888887 -5.526871296296296 0.004282222579817671 -0.01891376806222156
0.0 -5.526871296296296 0.0037148095379510243 -0.01891376806222156
-0.16580613888888887 -5.526871296296296 0.004271310790551044 0.017458862826667327
-0.3403389166666666 -5.817759259259258 0.0036711623808843978 -0.01891376806222156
-0.5148716944444444 -5.817759259259259 0.00040635503229775156 -0.10620808219555487
-0.6894044722222221 -5.817759259259259 0.0004794640203844381 -0.0007274526177771161
-0.8726638888888888 -6.108647222222222 -0.00010431670538220868 -0.01891376806222156
-1.0384700277777776 -5.526871296296295 -0.00010977260001552215 -0.0007274526177771161
-1.2130028055555555 -5.817759259259263 -0.0028289904852688355 -0.08802176675111044
-1.396262222222222 -6.108647222222219 -0.004907686340568816 -0.069835451306666
-1.553341722222222 -5.235983333333335 -0.004305355573048796 0.017458862826667327
-1.7191478611111108 -5.526871296296291 -0.005467461129948776 -0.03710008350666601
-1.8849539999999998 -5.5268712962962985 -0.0037706778989820898 0.05383149371555621
-2.0507601388888888 -5.5268712962962985 -0.00496551882368207 -0.03710008350666601
-2.2252929166666666 -5.817759259259263 -0.008213958488368716 -0.10620808219555487
-2.3910990555555554 -5.526871296296291 -0.011400200954235362 -0.10620808219555487
-2.5394519166666663 -4.945095370370364 -0.012451006260615342 -0.03710008350666601
-2.6703514999999998 -4.363319444444451 -0.012440094471348657 -0.0007274526177771161
-2.801251083333333 -4.363319444444436 -0.011899960902648636 0.017458862826667327
-2.9234240277777777 -4.072431481481495 -0.011376195017848615 0.017458862826667327
-3.045596972222222 -4.0724314814814795 -0.010852429133048595 0.017458862826667327
-3.176496555555555 -4.363319444444436 -0.010328663248248575 0.017458862826667327
-3.2986694999999995 -4.0724314814814795 -0.012502291670168553 -0.069835451306666
-3.4382957222222217 -4.654207407407407 -0.016845183798301865 -0.14258071308444376
-3.5430153888888887 -3.4906555555555663 -0.017301296589648515 -0.01891376806222156
-3.639008416666666 -3.1997675925925804 -0.013935009600881829 0.10839044004888954
-3.735001444444444 -3.199767592592595 -0.012931124988348476 0.03564517827111177
-3.8397211111111105 -3.4906555555555516 -0.016806992535868457 -0.12439439763999934
-3.9444407777777775 -3.4906555555555663 -0.021100781612301767 -0.14258071308444376
-4.005527249999999 -2.036215740740725 -0.01762319437301508 0.10839044004888954
-4.057887083333333 -1.745327777777798 -0.01279800115929506 0.159312123293334
-4.118973555555555 -2.036215740740725 -0.015099297515635041 -0.069835451306666
-4.197513305555555 -2.6179916666666676 -0.01831827534930169 -0.10620808219555487
-4.2585997777777775 -2.0362157407407544 -0.01768320921398167 0.017458862826667327
-4.302232972222222 -1.4544398148148119 -0.015473571887481651 0.07201780916000065
-4.345866166666666 -1.4544398148148119 -0.01668478049608163 -0.03710008350666601
-4.398225999999999 -1.7453277777777685 -0.018247348719068274 -0.05164913586222155
-4.424405916666666 -0.872663888888899 -0.017661385635448255 0.017458862826667327
-4.459312472222222 -1.1635518518518555 -0.017699576897881566 -0.0007274526177771161
-4.476765749999999 -0.581775925925913 -0.018283357623648213 -0.01891376806222156
-4.494219027777778 -0.5817759259259425 -0.01885077066551486 -0.01891376806222156
-4.494219027777778 0.0 -0.018856226560148175 -0.0007274526177771161
-4.494219027777778 0.0 -0.018878050138681487 -0.0007274526177771161
-4.494219027777778 0.0 -0.02002378801168147 -0.03710008350666601
-4.494219027777778 0.0 -0.02214831338190145 -0.069835451306666
-4.485492388888888 0.2908879629629861 -0.024805334068334763 -0.08802176675111044
-4.459312472222222 0.8726638888888694 -0.028569901365334743 -0.12439439763999934
-4.389499361111111 2.327103703703711 -0.033425647589001385 -0.16076702852888822
-4.284779694444444 3.4906555555555663 -0.023412989757908034 0.31935169920444506
-4.171333388888889 3.781543518518493 -0.013832438781774682 0.31935169920444506
-4.110246916666666 2.0362157407407544 -0.01571581360920133 -0.05164913586222155
-4.084066999999999 0.872663888888899 -0.024458339169654644 -0.28443397355111044
-4.040433805555555 1.4544398148148119 -0.02579830689160129 -0.05164913586222155
-3.9357141388888883 3.4906555555555516 -0.02195299235402794 0.1229394924044451
-3.8397211111111105 3.199767592592595 -0.01871437329968125 0.10839044004888954
-3.761181361111111 2.6179916666666525 -0.0193963601288479 -0.01891376806222156
-3.6913682499999996 2.327103703703711 -0.02378508177190121 -0.14258071308444376
-3.586648583333333 3.4906555555555516 -0.02367923741601452 -0.0007274526177771161
-3.4732022777777773 3.781543518518523 -0.020329318111147833 0.10839044004888954
-3.3423026944444443 4.363319444444436 -0.018201519204147816 0.07201780916000065
-3.2201297499999995 4.072431481481495 -0.018850770665514466 -0.01891376806222156
-3.106683444444444 3.7815435185185082 -0.01717035511844778 0.05383149371555621
-2.9757838611111107 4.363319444444451 -0.016117367454214427 0.03564517827111177
-2.8536109166666663 4.0724314814814795 -0.017745406412801073 -0.05164913586222155
-2.722711333333333 4.363319444444451 -0.018845314770881055 -0.03710008350666601
