0.0 0.0 -0.006633342165942213 -0.21467126750622048
0.026179916666666664 0.8726638888888888 -0.00925217158994216 -0.09100432248399827
0.061086472222222216 1.1635518518518517 -0.011982301264462107 -0.09100432248399827
0.11344630555555554 1.7453277777777776 -0.00751937945439539 0.1417805152048906
0.16580613888888887 1.7453277777777776 -0.0032659639982486723 0.1417805152048906
0.20071269444444442 1.1635518518518517 -0.0012603771310352877 0.06903525342711282
0.2181659722222222 0.5817759259259259 -0.00020084239324190276 0.03629988562711283
0.23561924999999997 0.5817759259259259 -0.003045545855061851 -0.09100432248399827
0.2530725277777778 0.5817759259259269 -0.006225241247368465 -0.10555337483955383
0.2792524444444444 0.8726638888888879 -0.006132491038601747 -7.274526177605757e-05
0.2967057222222222 0.5817759259259259 -0.004448801954755029 0.05448620107155727
0.3490655555555555 1.7453277777777776 -0.004500087364308311 -7.274526177605757e-05
0.38397211111111107 1.1635518518518517 -0.003378355427694926 0.03629988562711283
0.42760530555555554 1.4544398148148157 -0.0028513160061148747 0.018113570182668386
0.4625118611111111 1.1635518518518517 -0.0039937803423348225 -0.03644537615066494
0.5235983333333333 2.0362157407407397 -0.005087141626854771 -0.03644537615066494
0.5759581666666667 1.7453277777777796 -0.003370717175208053 0.05448620107155727
0.6457712777777778 2.3271037037037035 -0.0022980882902946683 0.03629988562711283
0.70685775 2.0362157407407397 -0.0017710488687146168 0.018113570182668386
0.776670861111111 2.3271037037037035 -0.0012276417632345652 0.018113570182668386
0.8464839722222222 2.3271037037037035 0.0008892453544988194 0.06903525342711282
0.9075704444444443 2.0362157407407397 0.0025107372395255373 0.05448620107155727
0.9599302777777776 1.7453277777777758 0.0030214089772055888 0.018113570182668386
1.0122901111111111 1.7453277777777831 0.003002858935452307 -7.274526177605757e-05
1.0471966666666666 1.1635518518518482 0.0030006765775990253 -7.274526177605757e-05
1.090829861111111 1.4544398148148119 0.00243653707251241 -0.0182590607062205
1.1257364166666666 1.1635518518518555 0.0002028938096257954 -0.07281800703955382
1.1780962499999998 1.7453277777777758 -0.001419689254327486 -0.05463169159510938
1.2304560833333331 1.7453277777777758 -0.004182554296647435 -0.09100432248399827
1.317722472222222 2.9088796296296313 -0.0014055039282807166 0.08722156887155727
1.4137155 3.199767592592595 0.002335057432332668 0.12359419976044615
1.5009818888888886 2.9088796296296238 0.004357011983446053 0.06903525342711282
1.5795216388888886 2.6179916666666676 0.005978503868472771 0.05448620107155727
1.6493347499999997 2.3271037037037035 0.007051132753386156 0.03629988562711283
1.7104212222222221 2.0362157407407473 0.006454257880499541 -0.0182590607062205
1.7627810555555554 1.7453277777777758 0.006468443206546259 -7.274526177605757e-05
1.8238675277777776 2.0362157407407397 0.006466260848692978 -7.274526177605757e-05
1.867500722222222 1.4544398148148119 0.005902121343606363 -0.0182590607062205
1.9198605555555552 1.7453277777777758 0.004792392375186415 -0.03644537615066494
1.9809470277777776 2.0362157407407473 0.003699031090666467 -0.03644537615066494
2.0594867777777774 2.61799166666666 0.004853498395079852 0.03629988562711283
2.1292998888888888 2.327103703703711 0.00650445211112657 0.05448620107155727
2.207839638888889 2.6179916666666676 0.0075770809960399544 0.03629988562711283
2.268926111111111 2.0362157407407397 0.007542163270386672 -7.274526177605757e-05
2.338739222222222 2.3271037037036963 0.008663895207000057 0.03629988562711283
2.408552333333333 2.327103703703711 0.008067020334113443 -0.0182590607062205
2.4609121666666662 1.7453277777777685 0.009767077101860162 0.05448620107155727
2.5307252777777776 2.327103703703711 0.00971579169230688 -7.274526177605757e-05
2.583085111111111 1.7453277777777831 0.008589695039986932 -0.03644537615066494
2.635444944444444 1.7453277777777685 0.009182205197166983 0.018113570182668386
2.6965314166666663 2.0362157407407397 0.008039740860947034 -0.03644537615066494
2.7576178888888885 2.0362157407407397 0.008070293870893752 -7.274526177605757e-05
2.8187043611111107 2.0362157407407397 0.009192025807507137 0.03629988562711283
2.888517472222222 2.327103703703711 0.010281022376320522 0.03629988562711283
2.958330583333333 2.3271037037036963 0.010246104650667241 -7.274526177605757e-05
3.019417055555555 2.0362157407407397 0.011367836587280626 0.03629988562711283
3.0892301666666664 2.327103703703711 0.012456833156094011 0.03629988562711283
3.14159 1.7453277777777831 0.012983872577674062 0.018113570182668386
3.193949833333333 1.7453277777777685 0.012403365388687448 -0.0182590607062205
3.2463096666666664 1.7453277777777831 0.011855593567500834 -0.0182590607062205
3.289942861111111 1.4544398148148119 0.011869778893547553 -7.274526177605757e-05
3.3423026944444443 1.7453277777777831 0.010743682241227605 -0.03644537615066494
3.3946625277777773 1.7453277777777685 0.010774235251174323 -7.274526177605757e-05
3.4644756388888887 2.327103703703711 0.011334010040554374 0.018113570182668386
3.5342887499999995 2.3271037037036963 0.01243937429326776 0.03629988562711283
3.5953752222222217 2.0362157407407397 0.013528370862081146 0.03629988562711283
3.656461694444444 2.0362157407407397 0.014617367430894531 0.03629988562711283
3.717548166666666 2.0362157407407397 0.015144406852474581 0.018113570182668386
3.7699079999999996 1.7453277777777831 0.014563899663487968 -0.0182590607062205
3.813541194444444 1.4544398148148119 0.015140042136768018 0.018113570182668386
3.8659010277777774 1.7453277777777831 0.015121492095014736 -7.274526177605757e-05
3.909534222222222 1.4544398148148119 0.013433438295461455 -0.05463169159510938
3.970620694444444 2.0362157407407397 0.01291840184207484 -0.0182590607062205
4.0229805277777775 1.7453277777777831 0.012932587168121559 -7.274526177605757e-05
4.092793638888889 2.327103703703711 0.01349236195750161 0.018113570182668386
4.162606749999999 2.3271037037036812 0.014035769062981662 0.018113570182668386
4.241146499999999 2.6179916666666676 0.015141133315695048 0.03629988562711283
4.310959611111111 2.327103703703711 0.016792087031741766 0.05448620107155727
4.380772722222222 2.327103703703711 0.018426673063888486 0.05448620107155727
4.433132555555555 1.7453277777777685 0.018937344801568536 0.018113570182668386
4.485492388888888 1.7453277777777685 0.01835683761258192 -0.0182590607062205
4.520398944444444 1.1635518518518555 0.017247108644161974 -0.03644537615066494
4.572758777777778 1.745327777777798 0.01671570450687536 -0.0182590607062205
4.625118611111111 1.7453277777777685 0.015044018391222078 -0.05463169159510938
4.677478444444444 1.7453277777777685 0.016214853379535463 0.03629988562711283
4.747291555555555 2.327103703703711 0.017865807095582182 0.05448620107155727
4.799651388888888 1.7453277777777685 0.01837647883326223 0.018113570182668386
4.852011222222222 1.745327777777798 0.019481843085975614 0.03629988562711283
4.904371055555555 1.7453277777777685 0.020008882507555666 0.018113570182668386
4.956730888888888 1.7453277777777685 0.019990332465802386 -7.274526177605757e-05
4.991637444444444 1.1635518518518555 0.019426192960715773 -0.0182590607062205
5.0265439999999995 1.1635518518518555 0.01775450684506249 -0.05463169159510938
5.0789038333333325 1.7453277777777685 0.01667751324444254 -0.03644537615066494
5.1312636666666664 1.745327777777798 0.017270023401622592 0.018113570182668386
5.192350138888888 2.036215740740725 0.018375387654335974 0.03629988562711283
5.253436611111111 2.0362157407407544 0.018902427075916026 0.018113570182668386
5.305796444444444 1.7453277777777685 0.019445834181396077 0.018113570182668386
5.3668829166666665 2.0362157407407544 0.01998924128687613 0.018113570182668386
5.4192427499999996 1.7453277777777685 0.02109460553958951 0.03629988562711283
5.471602583333333 1.7453277777777685 0.022183602108402894 0.03629988562711283
5.506509138888888 1.1635518518518555 0.022710641529982947 0.018113570182668386
5.541415694444444 1.1635518518518555 0.022692091488229666 -7.274526177605757e-05
5.567595611111111 0.872663888888899 0.021004037688676383 -0.05463169159510938
5.593775527777777 0.8726638888888694 0.01880312979358977 -0.07281800703955382
5.637408722222221 1.4544398148148119 0.018304461024103155 -0.0182590607062205
5.689768555555555 1.745327777777798 0.018318646350149872 -7.274526177605757e-05
5.750855027777777 2.036215740740725 0.018878421139529922 0.018113570182668386
5.80321486111111 1.7453277777777685 0.020545742539476643 0.05448620107155727
5.873027972222221 2.327103703703711 0.021056414277156692 0.018113570182668386
5.925387805555555 1.745327777777798 0.021037864235403412 -7.274526177605757e-05
5.986474277777777 2.036215740740725 0.019911767583083464 -0.03644537615066494
6.04756075 2.0362157407407544 0.020504277740263515 0.018113570182668386
6.11737386111111 2.3271037037036812 0.021047684845743566 0.018113570182668386
6.1871869722222215 2.327103703703711 0.022715006245690287 0.05448620107155727
6.248273444444444 2.0362157407407544 0.02378763513060367 0.03629988562711283
6.3180865555555545 2.3271037037036812 0.024314674552183724 0.018113570182668386
6.3704463888888885 1.745327777777798 0.024296124510430443 -7.274526177605757e-05
6.414079583333333 1.4544398148148119 0.02429394215257716 -7.274526177605757e-05
6.466439416666666 1.7453277777777685 0.023167845500257214 -0.03644537615066494
6.518799249999999 1.7453277777777685 0.022636441362970598 -0.0182590607062205
6.579885722222222 2.0362157407407544 0.020964755247317314 -0.05463169159510938
6.649698833333333 2.327103703703711 0.01932580449946403 -0.05463169159510938
6.74569186111111 3.1997675925925804 0.01937272519331075 -7.274526177605757e-05
6.850411527777777 3.4906555555555663 0.0199324999826908 0.018113570182668386
6.963857833333333 3.781543518518523 0.019351992793704184 -0.0182590607062205
7.086030777777777 4.0724314814814795 0.0193661781197509 -7.274526177605757e-05
7.234383638888888 4.945095370370349 0.02104986720359762 0.05448620107155727
7.391463138888888 5.235983333333335 0.02156053894127767 0.018113570182668386
7.557269277777777 5.526871296296291 0.02154198889952439 -7.274526177605757e-05
7.731802055555555 5.817759259259278 0.019853935099971107 -0.05463169159510938
7.941241388888888 6.981311111111103 0.018214984352117825 -0.05463169159510938
8.176860638888888 7.853975000000002 0.012754725003077876 -0.17829863661733159
8.464839722222221 9.59930277777777 0.009091637346257928 -0.12373969028399827
8.796451999999999 11.053742592592583 0.0014457466071046475 -0.2510438983951094
9.18915075 13.089958333333367 0.0016694382870713657 -7.274526177605757e-05
9.581849499999999 13.089958333333307 0.0027911702236847508 0.03629988562711283
10.018181444444444 14.54439814814818 -0.0021889703976218635 -0.16011232117288715
10.471966666666665 15.126174074074033 -0.01474734866462848 -0.4110834743062205
10.934478527777777 15.417062037037077 -0.02213462999816176 -0.2510438983951094
11.414443666666665 15.99883796296293 -0.027418118361081708 -0.17829863661733159
11.833322333333331 13.962622222222207 -0.042657523250908325 -0.4983777884395538
12.295834194444444 15.417062037037077 -0.05873277119856161 -0.5347504193284427
12.749619416666665 15.126174074074033 -0.0670202751465949 -0.2837792661951094
13.238311194444442 16.289725925925918 -0.07553365313244817 -0.2837792661951094
13.683369777777777 14.835286111111165 -0.09832074265802812 -0.7457116784839982
14.145881638888888 15.417062037037018 -0.1317064530983214 -1.1021634611951092
14.617120138888888 15.707950000000004 -0.16701918552310802 -1.174908722972887
15.088358638888888 15.707950000000004 -0.21429233016308794 -1.564095873483998
15.550870499999998 15.417062037037018 -0.27166760930614786 -1.902361340750665
16.022108999999997 15.707949999999945 -0.31176734368222114 -1.3531346143284426
16.502074138888887 15.998837962962991 -0.3720298822652411 -1.989655654883998
16.982039277777776 15.998837962962991 -0.424638891856621 -1.7605080802839983
17.453277777777775 15.707949999999945 -0.4823993571607943 -1.9205476561951091
17.91578963888889 15.417062037037137 -0.5559753698280743 -2.4370390148173313
18.404481416666666 16.289725925925918 -0.6290865402725943 -2.4370390148173313
18.849539999999998 14.835286111111046 -0.7075924993305542 -2.6116276430839984
19.346958416666663 16.580613888888845 -0.7893130715064741 -2.7207455357506647
19.826923555555553 15.998837962962991 -0.8681256518428273 -2.629813958528443
20.306888694444442 15.998837962962991 -0.9420748477030273 -2.4697743826173317
20.769400555555553 15.417062037037018 -1.0003208876295673 -1.9569202870839981
21.249365694444442 15.998837962962991 -1.0364378189233072 -1.2258304062173313
21.72060419444444 15.707949999999945 -1.052420316662194 -0.5529367347728871
22.235475888888885 17.162389814814816 -1.0376512098897606 0.4618596670271128
22.68053447222222 14.835286111111165 -0.9792884138180672 1.9022158502271125
23.16049961111111 15.998837962962991 -0.9436887013355671 1.2074986002493349
23.657918027777775 16.580613888888845 -0.8964493832423137 1.563950382960446
24.129156527777774 15.707949999999945 -0.8571734889558736 1.3166164929160016
24.591668388888888 15.417062037037137 -0.8166634713033736 1.3493518607160015
25.062906888888886 15.707949999999945 -0.7783183526413802 1.2802438620271126
25.551598666666663 16.289725925925918 -0.7415969082222669 1.2256849156937792
26.04901708333333 16.580613888888845 -0.7048263607514536 1.2256849156937792
26.52898222222222 15.998837962962991 -0.6652460275444735 1.3166164929160016
26.974040805555553 14.835286111111165 -0.6219262241558068 1.4402834379382239
27.480185861111107 16.87150185185177 -0.5748964124164735 1.563950382960446
27.907791166666662 14.253510185185192 -0.5262920294859601 1.6185093292937796
28.39648294444444 16.289725925925918 -0.4750393553004267 1.7058036434271127
28.902627999999996 16.87150185185189 -0.4261130745865466 1.633058381649335
29.35641322222222 15.126174074074092 -0.38746133464615995 1.2984301774715572
29.827651722222218 15.707949999999945 -0.34749690645699327 1.331165545271557
30.316343499999995 16.289725925925918 -0.30419019721544654 1.4402834379382239
30.74394880555555 14.253510185185192 -0.25659842832887986 1.5821366984048906
31.206460666666665 15.417062037037137 -0.2036271473338465 1.7603625897604458
31.68642580555555 15.998837962962872 -0.1442975667331264 1.9713238489160017
32.166390944444444 15.998837962963108 -0.08897915986683302 1.8476569038937793
32.62017616666666 15.126174074073855 -0.03737076135120631 1.7239899588715573
33.07396138888888 15.126174074074092 -0.0010486884192529345 1.2256849156937792
33.527746611111105 15.126174074074092 0.005488564530407116 0.24726114478266836
33.990258472222216 15.417062037037018 -0.040367138683832834 -1.476801559350665
34.44404369444444 15.126174074074092 -0.10501403419419944 -2.1351461784395536
34.90655555555555 15.417062037037018 -0.1904227911422527 -2.826226165328442
35.36906741666666 15.417062037037018 -0.3054428706232593 -3.8046499362395534
35.85775919444444 16.289725925926035 -0.4207062830049126 -3.8410225671284426
36.33772433333333 15.998837962962872 -0.5336891314298324 -3.7682773053506646
36.78278291666666 14.835286111111165 -0.631339824756159 -3.2699722621728866
37.28892797222222 16.87150185185189 -0.7140413667871524 -2.7716672189951095
37.74271319444444 15.126174074074092 -0.7813441918050256 -2.2588131234617754
38.257584888888886 17.162389814814816 -0.8419155340242922 -2.0260282857728873
38.789909861111106 17.74416574074067 -0.9015724683030121 -1.989655654883998
39.20878852777777 13.962622222222148 -0.9338386291645453 -1.1021634611951092
39.69748030555555 16.289725925926035 -0.9602724386630452 -0.8875649389506649
40.19489872222222 16.580613888888962 -0.9836400353776119 -0.7820843093728872
40.683590499999994 16.2897259259258 -1.0071025646587985 -0.7820843093728872
41.19846219444444 17.162389814814816 -1.0338244453939385 -0.8875649389506649
41.65224741666666 15.126174074074092 -1.0594398706974384 -0.8548295711506649
42.14966583333333 16.580613888888962 -1.0778917063473716 -0.622044733461776
42.638357611111104 16.2897259259258 -1.089472388296085 -0.392897158861776
43.14450266666666 16.87150185185189 -1.0978875601785383 -0.2837792661951094
43.71173419444444 18.907717592592615 -1.1124700753545116 -0.48019147299510934
44.121886222222216 13.671734259259221 -1.130135170998318 -0.585672102572887
44.60185136111111 15.998837962963108 -1.1505151198116714 -0.6766036797951093
45.081816499999995 15.998837962962872 -1.1719371444999913 -0.7129763106839982
45.579234916666664 16.580613888888962 -1.1916405623788113 -0.6584173643506648
46.08537997222222 16.87150185185189 -1.2119550404565647 -0.6766036797951093
46.56534511111111 15.998837962962872 -1.2311292365559512 -0.6402310489062205
47.05403688888888 16.2897259259258 -1.2480883394342044 -0.5674857871284427
47.51654875 15.417062037037255 -1.2618535615941044 -0.4620051575506649
48.01396716666666 16.580613888888728 -1.2757137163206245 -0.4620051575506649
48.50265894444444 16.289725925926035 -1.2923836567833111 -0.5529367347728871
49.008804 16.87150185185189 -1.3122311102804511 -0.6584173643506648
49.488769138888884 15.998837962962872 -1.334681025517691 -0.7457116784839982
49.99491419444444 16.87150185185189 -1.357052375872211 -0.7457116784839982
50.4923326111111 16.580613888888728 -1.3767263319200111 -0.6584173643506648
50.946117833333325 15.126174074074092 -1.3915336299548777 -0.4983777884395538
51.434809611111106 16.289725925926035 -1.4004158264179443 -0.3019655816395538
51.92350138888888 16.2897259259258 -1.402394133811991 -0.07281800703955382
52.42091980555555 16.580613888888962 -1.3979475796858243 0.1417805152048906
52.927064861111106 16.87150185185189 -1.389872855628491 0.2654474602271128
53.389576722222216 15.417062037037018 -1.3840448689811642 0.1963394615382239
53.8782685 16.289725925926035 -1.3825379508834374 0.05448620107155727
54.37568691666666 16.580613888888728 -1.3853990220291574 -0.09100432248399827
54.86437869444444 16.289725925926035 -1.3913885031576307 -0.19648495206177602
55.38797702777777 17.453277777777743 -1.3994184888789707 -0.2655929507506649
55.83303561111111 14.835286111111165 -1.4101960631376573 -0.35652452797288714
56.339180666666664 16.87150185185189 -1.4258370218724972 -0.5165641038839982
56.836599083333326 16.580613888888728 -1.4445932964429704 -0.622044733461776
57.299110944444436 15.417062037037018 -1.4687618184897104 -0.8002706248173315
57.796529361111105 16.580613888888962 -1.498277117277117 -0.9784965161728871
58.285221138888886 16.289725925926035 -1.5314533213634902 -1.1021634611951092
58.791366194444436 16.871501851851654 -1.5656421394938103 -1.1385360920839982
59.27133133333333 15.998837962963108 -1.5997982222563303 -1.1385360920839982
59.777476388888886 16.87150185185189 -1.636089742178337 -1.2076440907728871
60.239988249999996 15.417062037037018 -1.6696216705948035 -1.1203497766395536
60.746133305555546 16.871501851851654 -1.6960391124094034 -0.8875649389506649
61.23482508333333 16.289725925926035 -1.7177208376822701 -0.7275253630395537
61.71479022222221 15.998837962962872 -1.7374111614139702 -0.6584173643506648
62.21220863888888 16.580613888888962 -1.7505325880071367 -0.44381884210622047
62.71835369444444 16.87150185185189 -1.7523832274667634 -0.07281800703955382
63.18086555555555 15.417062037037018 -1.7309655674941502 0.6910072416271127
63.65210405555555 15.707949999999945 -1.6843853214726034 1.5275777520715572
64.13206919444444 15.998837962963108 -1.6440651689533434 1.3493518607160015
64.62076097222221 16.2897259259258 -1.60740592173305 1.2256849156937792
65.08327283333333 15.417062037037018 -1.56074492847093 1.5457640675160016
65.5719646111111 16.2897259259258 -1.5165074436049366 1.4766560688271129
66.06938302777777 16.5806138888892 -1.4645651443377499 1.7239899588715573
66.52316825 15.126174074074092 -1.4210500199212097 1.4584697533826683
66.95077355555554 14.253510185184837 -1.388310287405503 1.1020179706715572
67.46564525 17.162389814815054 -1.3618808426227098 0.8874194484271128
67.9281571111111 15.417062037037018 -1.326941293390843 1.1565769170048905
68.40812224999999 15.998837962962872 -1.288984634426743 1.2620575465826682
68.88808738888888 15.998837962962872 -1.2499989937347964 1.2984301774715572
69.38550580555555 16.5806138888892 -1.2028415140610431 1.563950382960446
69.88292422222221 16.580613888888728 -1.1526636511182764 1.6694310125382237
70.3628893611111 15.998837962962872 -1.0959496264047763 1.884029534782668
70.86030777777778 16.5806138888892 -1.0377428689195962 1.9385884811160015
71.31409299999999 15.126174074073617 -0.9829569573695162 1.829470588449335
71.82023805555555 16.871501851852127 -0.9252630539798694 1.920402165671557
72.30892983333332 16.2897259259258 -0.8676509890097227 1.920402165671557
72.78016833333332 15.707949999999945 -0.8292578584749559 1.2984301774715572
73.23395355555554 15.126174074074092 -0.8007573560893492 0.9601647102048906
73.72264533333333 16.289725925926273 -0.7949926578197691 0.21452577698266836
74.15897727777777 14.544398148147764 -0.8050784246389491 -0.32015189708399827
74.62148913888888 15.417062037037018 -0.8350258302813157 -0.9784965161728871
75.10145427777778 15.998837962963346 -0.8775305230117623 -1.404056297572887
75.58141941666666 15.998837962962872 -0.9328020091842089 -1.829616078972887
76.04393127777777 15.417062037037018 -1.0327594547615087 -3.2881585776173314
76.51516977777777 15.707949999999945 -1.1605135923167151 -4.2302097176395534
76.97768163888888 15.417062037037018 -1.2951748924777218 -4.481180870772887
77.47510005555554 16.580613888888728 -1.4153366070611817 -4.019248458483998
77.95506519444443 15.998837962962872 -1.5072542463068015 -3.091746370817331
78.42630369444444 15.70795000000042 -1.5655024685911947 -1.9751066025284425
78.94117538888888 17.16238981481458 -1.595084329293128 -1.014869147061776
79.40368724999999 15.417062037037018 -1.6035016835334346 -0.3019655816395538
79.90983230555555 16.871501851852127 -1.6119986938353879 -0.2837792661951094
80.40725072222222 16.580613888888728 -1.6254572947168944 -0.44381884210622047
80.89594249999999 16.2897259259258 -1.640457731421781 -0.4983777884395538
81.36718099999999 15.707949999999945 -1.654285150780501 -0.4620051575506649
81.86459941666666 16.5806138888892 -1.6605026883046476 -0.21467126750622048
82.43183094444444 18.907717592592615 -1.6465999775999876 0.4436733515826683
82.8507096111111 13.96262222222191 -1.6266586827151541 0.6582718738271127
83.35685466666666 16.871501851852127 -1.597020080709034 0.9783510256493348
83.82809316666666 15.707949999999945 -1.5512604012403408 1.5093914366271126
84.32551158333332 16.580613888888728 -1.4839499379699808 2.222295002049335
84.82292999999999 16.580613888888728 -1.4172810879085007 2.222295002049335
85.27671522222221 15.126174074074092 -1.3692692151351673 1.6185093292937796
85.7479537222222 15.707949999999945 -1.3334141667838273 1.2074986002493349
86.24537213888888 16.5806138888892 -1.301010517377534 1.0838316552271128
86.78642375 18.035053703703834 -1.270743396309654 1.011086393449335
87.38856183333333 20.071269444444322 -1.254122558898667 0.5673402966048905
87.91216016666665 17.453277777777508 -1.254073455846967 0.018113570182668386
88.21759252777777 10.18107870370386 -1.2607231002260737 -0.21467126750622048
88.74119086111111 17.45327777777798 -1.2742438983064002 -0.44381884210622047
89.20370272222222 15.417062037037018 -1.2919417293180067 -0.585672102572887
89.70984777777777 16.871501851851654 -1.3056905837940067 -0.4620051575506649
90.20726619444443 16.580613888888728 -1.31404355847764 -0.2837792661951094
90.66977805555554 15.417062037037018 -1.32368085075796 -0.32015189708399827
91.15846983333333 16.289725925926273 -1.3311499705109935 -0.2510438983951094
91.69952144444443 18.035053703703362 -1.34632390466522 -0.4983777884395538
92.22311977777777 17.45327777777798 -1.3717276412569466 -0.8366432557062204
92.65072508333333 14.253510185185311 -1.4017721618237866 -0.9966828316173316
93.11323694444444 15.417062037037018 -1.4421250497108467 -1.3349482988839982
93.60192872222221 16.2897259259258 -1.4958852530698599 -1.7786943957284425
94.12552705555555 17.45327777777798 -1.551943479248433 -1.865988709861776
94.59676555555555 15.707949999999945 -1.606349660532033 -1.8150670266173314
95.06800405555555 15.707949999999945 -1.6552944912876664 -1.636841135261776
95.59160238888887 17.453277777777508 -1.7054112482105397 -1.669576503061776
96.03666097222221 14.835286111111165 -1.7725820405782864 -2.222440492572887
96.56025930555555 17.45327777777798 -1.8590361469380863 -2.8625987962173314
97.04895108333332 16.2897259259258 -1.9437901965301396 -2.826226165328442
97.51146294444443 15.417062037037018 -2.005536738453426 -2.0805872321062204
98.03506127777777 17.45327777777798 -2.0690782697110794 -2.116959862995109
98.49757313888888 15.417062037037018 -2.125394014116346 -1.8841750253062204
98.98626491666666 16.2897259259258 -2.1533718417960794 -0.9603102007284426
99.4924099722222 16.871501851851654 -2.1574550333396663 -0.16011232117288715
99.9723751111111 15.998837962963346 -2.154053828625246 0.1054078843160017
100.49597344444443 17.453277777777508 -2.157972252150906 -0.12373969028399827
100.94975866666665 15.126174074074092 -2.1770820686936196 -0.622044733461776
101.44717708333332 16.580613888888728 -2.2100171222371996 -1.0839771457506648
101.94459549999999 16.5806138888892 -2.248043616652606 -1.2622030371062203
102.49437375 18.32594166666676 -2.284785793471326 -1.2258304062173313
102.9568856111111 15.417062037037018 -2.308972865559819 -0.818456940261776
103.38449091666665 14.253510185184837 -2.3213882993874324 -0.425632526661776
103.89063597222221 16.871501851852127 -2.323255306530959 -0.07281800703955382
104.39678102777776 16.871501851851654 -2.317684838110326 0.17815314609377947
104.87674616666665 15.998837962962872 -2.3079569779790923 0.3200064065604461
105.36543794444444 16.289725925926273 -2.2972328714878123 0.35637903744933497
105.83667644444444 15.707949999999945 -2.281034320321446 0.5346049288048905
106.3340948611111 16.580613888888728 -2.262298778150579 0.621899242938224
106.84023991666666 16.871501851852127 -2.250834852347019 0.38911440524933505
107.31147841666666 15.707949999999945 -2.2451181659502124 0.1963394615382239
107.81762347222221 16.871501851851654 -2.2431616821346987 0.06903525342711282
108.2975886111111 15.998837962962872 -2.243226061691372 -7.274526177605757e-05
108.80373366666666 16.871501851852127 -2.242666286901992 0.018113570182668386
109.25751888888888 15.126174074074092 -2.241560922649279 0.03629988562711283
109.74621066666666 16.2897259259258 -2.2404719260804655 0.03629988562711283
110.24362908333332 16.580613888888728 -2.2372474923521652 0.1054078843160017
110.7323208611111 16.289725925926273 -2.229140032927032 0.2654474602271128
111.24719255555554 17.16238981481458 -2.2162313862245653 0.4254870361382239
111.71843105555554 15.707949999999945 -2.2029048179931854 0.4436733515826683
112.20712283333332 16.2897259259258 -2.1890326602984724 0.4618596670271128
112.71326788888888 16.871501851852127 -2.170793604539239 0.6037129274937795
113.18450638888888 15.707949999999945 -2.1509963452727257 0.6582718738271127
113.69937808333331 17.16238981481458 -2.135069497659099 0.5346049288048905
114.16188994444443 15.417062037037018 -2.121279178383886 0.4618596670271128
114.66803499999999 16.871501851852127 -2.1140544827104257 0.24726114478266836
115.14800013888888 15.998837962962872 -2.113155351274852 0.03629988562711283
115.61051199999999 15.417062037037018 -2.114876140442205 -0.05463169159510938
116.10793041666665 16.580613888888728 -2.1153911768955918 -0.0182590607062205
116.59662219444444 16.289725925926273 -2.115376991569545 -7.274526177605757e-05
117.10276724999999 16.871501851851654 -2.1159411310746314 -0.0182590607062205
117.60891230555555 16.871501851852127 -2.113791508589098 0.06903525342711282
118.10633072222221 16.580613888888728 -2.102841528059998 0.35637903744933497
118.56011594444443 15.126174074074092 -2.0856314540286114 0.5673402966048905
119.06626099999998 16.871501851851654 -2.0652395022470644 0.6764581892715572
119.56367941666666 16.5806138888892 -2.044496190851131 0.6910072416271127
120.04364455555555 15.998837962962872 -2.029722719362991 0.49823229791600165
120.5497896111111 16.871501851851654 -2.0334327277136577 -0.10555337483955383
121.0123014722222 15.417062037037018 -2.0415445518544977 -0.2655929507506649
121.50971988888888 16.5806138888892 -2.0380484145734576 0.1054078843160017
122.01586494444443 16.871501851851654 -2.0276931265593907 0.3381927220048906
122.47837680555554 15.417062037037018 -2.009342770549637 0.6037129274937795
122.98452186111109 16.871501851851654 -1.981340936933517 0.9237920793160016
123.47321363888888 16.289725925926273 -1.944860643057197 1.2074986002493349
123.95317877777777 15.998837962962872 -1.898183282111177 1.5457640675160016
124.45932383333331 16.871501851851654 -1.856193625834117 1.403910807049335
0.0 -4148.644127777778 -0.007896861892286614 -0.21467126750622048
-0.0698131111111111 -2.3271037037037035 -0.00995373416905323 -0.07281800703955382
-0.2181659722222222 -4.94509537037037 -0.00663109433735318 0.1054078843160017
-0.33161227777777774 -3.7815435185185184 -0.0006590720717064627 0.1963394615382239
-0.4625118611111111 -4.363319444444445 0.005231111774440254 0.1963394615382239
-0.6457712777777778 -6.108647222222222 0.009435424178886972 0.1417805152048906
-0.8639372499999999 -7.272199074074071 0.02245537113187369 0.4254870361382239
-1.1344630555555555 -9.017526851851853 0.05286543663914707 0.9965373410937793
-1.5009818888888886 -12.217294444444438 0.09422548267552044 1.367538176160446
-1.9111339166666665 -13.671734259259265 0.13749945654926718 1.4402834379382239
-2.338739222222222 -14.253510185185178 0.17789817395124724 1.3493518607160015
-2.809977722222222 -15.707950000000004 0.2162432926132406 1.2802438620271126
-3.2812162222222216 -15.70794999999999 0.24970538557840066 1.1202042861160015
-3.7262748055555552 -14.83528611111112 0.2728591112233407 0.7819388188493349
-4.223693222222222 -16.580613888888887 0.27878421279514076 0.21452577698266836
-4.677478444444444 -15.126174074074061 0.2631912659330741 -0.4983777884395538
-5.174896861111111 -16.580613888888905 0.23666361504688085 -0.8730158865951092
-5.646135361111111 -15.707950000000004 0.2066518298478409 -0.9966828316173316
-6.143553777777777 -16.580613888888873 0.18012308778272096 -0.8875649389506649
-6.632245555555555 -16.289725925925918 0.1600148425221077 -0.6766036797951093
-7.086030777777777 -15.126174074074092 0.14140260356995443 -0.622044733461776
-7.565995916666666 -15.998837962962961 0.11667212437598116 -0.818456940261776
-8.063414333333332 -16.580613888888873 0.0789686189228679 -1.244016721661776
-8.525926194444443 -15.417062037037018 0.03782680867182796 -1.367683666683998
-8.997164694444443 -15.707950000000004 0.0027530444319813522 -1.174908722972887
-9.424769999999999 -14.253510185185192 -0.02091790002419859 -0.8002706248173315
-9.765108916666666 -11.344630555555568 -0.03728340156634521 -0.5529367347728871
-10.061814638888888 -9.890190740740756 -0.038473877775338484 -0.05463169159510938
-10.332340444444444 -9.017526851851859 -0.03674108563979177 0.05448620107155727
-10.620319527777777 -9.59930277777777 -0.036230413902111715 0.018113570182668386
-0.9948368333333333 320.8494231481481 -0.001142464336219948 -0.03644537615066494
-1.1955495277777777 -6.690423148148147 -0.012688228559279893 -0.3747108434173315
-1.2042761666666666 -0.2908879629629639 -0.0338199996531065 -0.6947899952395538
-1.1344630555555555 2.3271037037037035 -0.06174435956543311 -0.9239375698395537
-0.9250237222222222 6.98131111111111 -0.08395530661773305 -0.7457116784839982
-0.6021380833333333 10.76285462962963 -0.10036991121157966 -0.5529367347728871
-0.2094393333333333 13.089958333333334 -0.10976496177017961 -0.32015189708399827
0.23561924999999997 14.83528611111111 -0.11498625293427955 -0.17829863661733159
0.6457712777777778 13.671734259259262 -0.11370411769544618 0.03629988562711283
1.1431896944444444 16.580613888888887 -0.11205316397939946 0.05448620107155727
1.6144281944444443 15.707949999999997 -0.11098053509448608 0.03629988562711283
2.0769400555555553 15.417062037037033 -0.11101545282013936 -7.274526177605757e-05
2.583085111111111 16.87150185185186 -0.11270350661969264 -0.05463169159510938
3.0543236111111107 15.70794999999999 -0.11153267163137925 0.03629988562711283
3.5517420277777774 16.580613888888887 -0.10988171791533254 0.05448620107155727
4.005527249999999 15.126174074074061 -0.10937104617765249 0.018113570182668386
4.520398944444444 17.162389814814816 -0.11377286196782577 -0.14192600572844272
5.009090722222222 16.289725925925946 -0.11690672784521237 -0.10555337483955383
5.489055861111111 15.998837962962961 -0.12007332909039899 -0.10555337483955383
5.986474277777777 16.580613888888873 -0.12604971607175225 -0.19648495206177602
6.475166055555555 16.289725925925918 -0.1286849131796522 -0.09100432248399827
