0.008722286589229123
0.01683401311721221
0.04113011301562122
0.0637254859211416
0.08030659426850609
0.09572702503155506
0.11006802564119059
0.12340515620815162
0.1358086876354254
0.14734397186279
0.1580717861942391
0.12665724774987147
0.1265135269966096
0.08498846092346078
0.04637014947543239
0.010455119828765978
0.006125942257366221
-0.022539404429266118
-0.02012637684783419
-0.04695406119710249
-0.05958420186930677
-0.042258432694456734
-0.055217267361846206
-0.07958858937513368
-0.10225391884749102
-0.12333267525678336
-0.13061631294480996
-0.10831829599467471
-0.11665294023104894
-0.12440415937087695
-0.131612793170917
-0.15063642837756952
-0.16832840911975636
-0.18478195120999014
-0.2168359395812923
-0.21757434876660328
-0.24733286930894247
-0.23361688764070265
-0.24106764777970072
-0.24799685470896893
-0.2544410171531884
-0.20672307668108192
-0.1914171920420229
-0.206254519327698
-0.23680542793076062
-0.2652177729316088
-0.3148986937823976
-0.3901737501736312
-0.46017955261747845
-0.4729557088902564
-0.45576573422393984
-0.4397790577842655
-0.42491144869536834
-0.4312911953331551
-0.43722435970629675
-0.41810299102808796
-0.3712483181573538
-0.32767347238757105
-0.3452924658216731
-0.414007369715388
-0.4546547903365428
-0.4678176799689862
-0.5033166073271587
-0.513073169770259
-0.480755367069727
-0.4216280105582323
-0.4247831690025422
-0.44792408944621154
-0.469445145458824
-0.48945972755055356
-0.5371450888958622
-0.5814924749469992
-0.6059833497471718
-0.6085532402208712
-0.5527996383614117
-0.5255880001773447
-0.5002811766661626
-0.5348894308007631
-0.5947651356007111
-0.5981203010646627
-0.6012406049461378
-0.7594611621916013
-0.8484626804298824
-0.8789048523914837
-0.8244332607705426
-0.8028464805630672
-0.6876683576522692
-0.696839903345227
-0.6472258408396778
-0.6794349857999782
-0.6512458906130576
-0.7645746720892215
-0.800889004634669
-0.9160623739019353
-0.9831639730931083
-1.0164966603408994
-1.047496059481345
-1.0226144891367286
-1.0285464287162354
-0.9759195325251768
-0.8821306844318006
-0.7658352557049608
-0.706958930079461
-0.6812757472477461
-0.7387914272142513
-0.8381050038104856
-1.0467538300449837
-1.153581838443067
-1.2194274977985147
-1.280663960999081
-1.1039449740494551
-1.1372845561863032
-1.0287457275735716
-0.9757012685089619
-0.9845135215788747
-1.0577613746600467
-1.1026244380255366
-0.5163962069554421
-0.10902494914578753
0.3279739206171912
1.2824308191764517
1.228149414836564
0.625590782619546
-0.35923702534228064
-0.9611514467467794
-0.9423139992935827
-0.7271069331621098
-0.18391712165984003
0.46021949539911533
0.8325065092639439
1.2368770321582345
1.2614328134939232
1.086581450136114
1.034442522213351
0.9568815192451818
0.7452051464847844
0.20725519900100087
-0.3221100521589179
-0.6458032957376423
-0.407080691857549
0.07076316975093763
0.46282872104683026
0.5263683971627813
0.4691730959506157
0.3345804258233017
0.2833268772405914
0.29380467705867086
0.3558782708894847
0.5210287362426027
0.5874032690210025
0.4805151445049143
0.2411609367514147
0.16392052354066008
0.26070337925465825
0.22653721775083074
0.22383448755227117
0.22132094846761077
0.2682617802093377
0.3409885537291438
0.3795526531025634
0.4400564770650742
0.4963250333502093
0.5486547906953849
0.5973214650263983
0.6425814721542407
0.7137450787831341
0.7262162214027745
0.67967078403904
0.636383527290767
0.6744766016053342
0.7389749607178816
0.7989584346925507
0.7240636023985318
0.6253396083650944
0.5858555339139976
0.5949593389018621
0.6324976775405762
0.5801929324745803
0.400870056472743
0.23409978179103433
0.18947626633704523
0.3258616258279117
0.5922446501544176
0.7876516227780681
0.577054444227602
0.3521272681756685
0.584145468674755
1.064044864410289
1.3649923024443353
1.1395986474541542
0.9299825483132855
0.8745842161122778
0.9462598248914934
0.9838463410561639
0.8792571610893074
0.5178667544487476
0.408533716273027
0.5921612427231442
0.7861922823217532
0.8270965091484597
0.6023967423711438
0.5911141992682403
0.7783096741825399
1.3027611755325288
1.5869984717880186
1.6378768826699321
1.6561220047901117
1.7603053683618788
2.1322561999823906
2.3676976333894664
2.586658166458047
2.6749824218035196
2.9548122192748094
3.375783353605263
3.854501908532585
4.584613804614994
5.61760294219902
6.805042880152164
8.519986160583048
10.085811611383772
10.489630120628444
11.507128008397054
11.88359376402186
11.583476756344625
11.129937139204797
10.626744255264756
9.620741195706676
8.824702990317663
8.109026670851112
7.118130807566297
5.940765814711419
4.665858485175461
3.4220510687070194
1.6724163870759865
-0.012887466840874273
-1.237172810983555
-1.9876941707159383
-2.1972727952670548
-1.543284356099593
-0.2218651468572398
1.0070547177381488
2.0627347918118604
1.9773222256564138
1.188536619131848
0.6801733378341535
0.49229912622729743
0.3175761094329213
-0.1617716174107693
-1.1483004833754016
-2.0948441287225092
-1.6143368026264002
-0.458113069357019
1.1288386825835057
1.0556623801669687
0.9062073789195894
0.3078797877595264
-0.5946629289288711
-1.1945443977229278
-1.4442730837014006
-1.2753299216613803
-0.8751041586903143
-0.555223439127223
-0.2577343699335481
0.05105308132610861
0.14053717099758942
-0.2006909056079335
-0.33807513067014766
-0.23908241997800678
-0.1993484390343158
-0.20821983098406788
-0.24554202549733734
-0.2221080663946779
-0.25845808442920465
-0.2922636012013145
-0.3527745317993767
-0.3765234683924982
-0.4276817794241011
-0.5043308086834919
-0.5756144058947253
-0.6419081513011724
-0.7035613345291682
-0.7485791891585891
-0.7904457939639505
-0.7712381364329366
-0.699664003383863
-0.5749564596482246
-0.45454585551931137
-0.2844203936794222
-0.12620371416832518
-0.10323641954085079
-0.2272358355372996
-0.569315332413997
-0.7342032471914799
-0.6317171679345389
-0.3096450742255837
0.08055180178682102
-0.09730058352164261
-0.5185351418585138
-0.6431099949308818
-0.811293848288184
-0.857231991910475
-0.9157285001148974
-0.9701302527450102
-1.0207238826910152
-1.0589107816312608
-1.0420953576456893
-1.0713028479747995
-1.150795053980872
-1.2247228055665196
-1.2934756145411719
-1.3574157268875984
-1.4168800313697751
-1.378461188765584
-1.3718034651436863
-1.3365399821753214
-1.312610119924281
-1.2322117480308135
-1.243274890624658
-1.2244918132369336
-1.3233107512663498
-1.2999033232253998
-1.4467508551473163
-1.9134721464239277
-2.457995787311177
-3.1969771733363186
-4.131196525430162
-5.3081816028774345
-6.993195239947397
-8.926562602422463
-11.154856889524273
-12.887577765392036
-12.737257099949055
-12.341627041087081
-12.525371543606973
-12.271805650950473
-11.990739924190699
-11.531660558304107
-11.104716748029578
-10.133070121616118
-9.2875823590516
-8.501278739866597
-7.398471881662701
-6.291460463533077
-5.077145758083297
-3.947833082015003
-2.897572293271489
-1.7808815077864835
-0.7132872772854283
0.2676593632614753
0.4938452589700957
0.5065099019791126
0.7030821065667274
0.31608697683320924
0.10154050618103738
-0.28180363852301854
-0.5278408530977905
-0.6694400626523285
-0.3733955543595906
-0.09807416164734432
0.12101591625719889
0.2375542887084241
0.2877913750880636
0.2684812481032824
0.3692862992788193
0.41070575687206856
0.4201540524337904
0.4087343442157306
0.33997041557293506
0.2760199619351351
0.1874742400519812
0.07605491870064805
0.0015067498439082366
-0.07571006451070567
-0.14752170186049657
-0.18523472459580215
-0.2695862588300974
-0.318961385667992
-0.341622813627234
-0.3736357758567138
-0.43247963073013
-0.48720441576240703
-0.5380984658424247
-0.5563581324168412
-0.6024114223310485
-0.7068390108143378
-0.7225556281037967
-0.6499566821829935
-0.48733724515880067
-0.27795756872630134
-0.08323446964407696
0.031827395184545894
-0.03559587052483485
-0.15062874763455897
-0.2343518833466024
-0.2831425995588028
-0.2994461656361491
-0.23971268786069655
-0.21323235352952558
-0.1102554195110755
-0.01448687087391692
0.12828889090387113
0.261070349357214
0.4136289057188229
0.6215389804529651
0.7858235499557173
0.851392799593277
0.5914879040300546
0.46024919115625773
0.3963407881836266
0.2668463796000019
-0.02801422038276913
-0.2731627783667462
-0.26068951997399903
-0.08047294966874417
0.26806450648775815
0.6503479407133054
0.9186561345430643
1.0498228974868942
1.2532090270246559
1.2155980874947745
1.0978371021867543
0.9359901458502954
0.5819698764573886
0.05061019746721586
-0.4144825039936449
-0.5621150763522454
-0.2297156420565147
0.16663123183851486
0.47709022456089234
0.8166482181130132
0.9580063521164858
0.8350193482849456
0.7206414347216132
0.6665992151077142
0.5349389108667881
0.24249661637749628
-0.16901935749754518
-0.3840909327930268
-0.32827565781782475
-0.16008025209088678
0.08660769214470443
0.31602748028380423
0.506130443253167
0.6045759757242134
0.6670585209222866
0.6960954879564946
0.8630481192518455
0.9310986663565219
0.936242075163871
0.6817391764916293
0.33457864072644444
-0.0006002633077927498
-0.1816371809691723
-0.23371431439425533
-0.10909702002481303
-0.0020681131707705885
0.03932517020348887
0.14385154105939602
0.09017497977446742
0.06351321777948382
-0.05845729551154258
-0.17188987287219715
-0.2541247298176059
-0.301531346776836
-0.31654770054892
-0.3305129095569581
-0.2942221308439725
-0.28954350664089584
-0.28519238613203457
-0.2688262382861783
-0.2738123438799931
-0.2784494220822408
-0.28276190481033125
-0.36512273683791646
-0.36336808753310956
-0.39080806367963916
-0.40400763572329645
-0.42860284349651295
-0.4224045867256043
-0.4457120079286593
-0.4383161096475004
-0.46050972424602266
-0.45207798582264835
-0.4565560748615255
-0.46072069766768126
-0.4645937968774061
-0.4268043733698349
-0.39166020950779373
-0.3880479371160954
-0.37236891801920075
-0.3577874302590887
-0.37329844664218453
-0.3877236918784636
-0.4011391699482032
-0.384543764553061
-0.39374924908080927
-0.40231034969161517
-0.3812003732596646
-0.3615680951779506
-0.34331007656195656
-0.3263301192490821
-0.2858995474028784
-0.21922731558590886
-0.15722213999612722
-0.07491811515239975
-0.027447172047733205
0.01670080503960669
0.07007802950344809
0.09064704825482059
0.10977623569359701
0.1152467742390438
0.1494061750863093
0.1230308178742662
0.11082134143968143
0.09946652835551761
0.08890655218724525
0.050013974350751944
0.04291567696281317
0.0072424603920301055
-0.04614025410925925
-0.06671437859545835
-0.08584831436762352
-0.07900366309050658
-0.07263813740278781
-0.09578999851320937
-0.07592982357328615
-0.11560346087915757
-0.123428143573618
-0.12627251002469672
-0.12891777082419995
-0.10230606336773793
-0.0405983581153824
0.016789807769308236
0.07016080204207054
0.10304363248835473
0.13362466480339902
0.22020862485639026
0.24258810770567207
0.26340102675550414
0.311828841471848
0.369186314930663
0.393456965247361
0.41602867004189015
0.424700749728187
0.43276578383644304
0.41119446555712114
0.4202049395573518
0.39951288037756627
0.40934106534036574
0.38940947735576925
0.3999449005300945
0.40974284408221706
0.418854931585691
0.42732917296392176
0.4352102174456764
0.4425395888137082
0.44935590418597776
0.45569507748218846
0.4615905086476644
0.467073259631557
0.47217221804657716
0.4769142493725459
0.48132433850569684
0.5144975213995272
0.5744203814907894
0.6301486413756634
0.6238323230685962
0.6470299470430235
0.6439645257940104
0.6411136840324283
0.6631016127393874
0.6544785864368594
0.6755309719755084
0.6660378905264519
0.6158179190062142
0.5691133454923931
0.5547498921245395
0.5615985035828968
0.5970395122391691
0.6423192560621175
0.6351509947269984
0.6575563116853377
0.6493214564565932
0.6372304526390915
0.5969140190888148
0.531729707432288
0.4711082975917181
0.385658586439988
0.29387074929626383
0.26665166075260033
0.24133790840699326
0.22873395295296342
0.3244342974711768
0.4134356178731152
0.43806324584691797
0.30564826522686284
0.12435873325021156
0.1825195085119259
0.3519180699136272
0.5385305320172094
0.6125451160009255
0.3649269698343983
0.1927856938995279
0.1140953472800984
0.19761377110495124
0.21714230526206435
0.20623204202817952
0.1468070741302055
0.039212613985089684
-0.03177843394986804
0.06983817187892825
0.053868775299708814
0.06808903648103472
0.010850673607052524
-0.10052460386575095
-0.23317541191545815
-0.47628229226476226
-0.6732998909896151
-0.7402390578037281
-0.8103795002586991
-0.7360654717418221
-0.5797380252211265
-0.49980956963656986
-0.30918890594293225
-0.2772706887078492
-0.5030149747256846
-0.42805352072227143
-0.09018792272648195
-0.05840028731901435
-0.42421426639006954
-0.2902909518821523
0.28777781061021074
0.7672381597281086
0.1909580196840646
-0.3449825105568963
-0.63990460368099
-0.6268022410150138
-0.5274016437356559
-0.4058872882658531
-0.2035908803610906
-0.03871266100966153
-0.08887851701283248
-0.37806683773147315
-0.5307247759998089
-0.5622238185893613
-0.20017042469887691
0.0493238316192736
0.08366524999515358
0.18606597485733725
0.25222684897916803
0.31375646191247064
0.3832986077130574
0.4479728033076031
0.5371916052105306
0.6078454852076378
0.6444817936049475
0.6494817604144456
0.6004207180020483
0.5547939485585188
0.48328925297603637
0.41678988608432765
0.3316880348750386
0.288120359023015
0.2766742204806331
0.35324471163621796
0.4781662799561424
0.5652715384936722
0.5590640289335749
0.6114346450426844
0.7473547180241563
0.8446885858969252
0.8312414887912155
0.7373346484829054
0.6209294869961771
0.5047856694956738
0.4258437192202058
0.32335590546402054
0.1373724098076919
-0.006520441152693783
0.18054350518030032
0.5812730152699848
0.9248796596533915
0.8411703416121138
0.3912016358337256
0.25763437945982454
0.8339035741225577
1.2302892851588996
1.177934145285774
0.6175801852037668
0.9249700035524211
1.6643626146166697
2.2066387429064207
1.3890777624482018
0.2624413706220584
-0.13412215377625514
-0.02436332796791873
0.2754006200338342
-0.8159969515909911
-1.8891402932020784
-2.46271532090039
-1.1764709498945962
0.22323891514079203
1.5772983296237035
2.691618197046348
3.1348709537494077
3.204048777483253
3.3255495939640367
3.4094735532911655
3.545666435465395
3.4170685235255838
3.2160714254215597
2.9429068837765104
2.7993367000466147
2.835814640723042
2.9713467886425806
3.2136788862077514
3.58302496539813
4.042804019045182
4.6680867789369405
5.442855397181506
5.768013732148952
6.552606394749282
6.968302130967589
6.529260045650615
6.031833784672601
5.057563681963048
4.093348886443164
2.7334912433432166
1.3002071952602652
-0.4190873368627228
-1.9017440517371018
-2.822662128115505
-2.65578857914742
-2.0180042986071003
-0.4321620649344519
1.071743012381111
2.354087534284585
2.4725640468846644
1.611749083602738
0.9274783677505463
0.647397009822158
0.30552030694875687
0.09804781327649392
-0.9973382416993232
-2.126520112826833
-1.685186873616037
-0.6235386411499964
0.7649850550434214
0.734030700782075
0.7343149513190229
0.2810592243183845
-0.2844458302469788
-0.8975809309927668
-1.2701083346863498
-1.121243722395229
-0.6746385529644867
-0.17208034539389633
0.07394949569321524
0.1864700479042291
0.12249772146047194
-0.10256216522268333
-0.2537242598380178
-0.25476036783027883
-0.08768205590123712
0.015371534192771666
0.09445917875281515
0.10986708819365557
0.15326824397363714
0.18919873039425059
0.16447048276542106
0.14147321247060962
0.09101395109643497
-0.03731420198154746
-0.15665938434407112
-0.2967222039412181
-0.5467222550296413
-0.7501505025418749
-0.828865932728252
-0.7567122828015828
-0.5500647483697805
-0.2829867471208195
0.05261119404071424
0.21935827932094062
-0.15300464600414052
-0.47023036655646594
-0.6257056466701286
-0.5519991821318364
-0.5125239701112245
-0.3595248229320555
-0.1358345760554283
0.019868113539834965
0.13559981486342984
-0.18950861217701023
-0.5790748493246196
-0.8541560498718963
-0.6412619993833276
-0.3851269324289587
-0.23413672016139553
-0.0725310400704076
0.13590584241421116
0.2134649431249066
-0.311731465984298
-0.7710923264558585
-1.0820107266944095
-0.7694058776913412
-0.5949705681184876
-0.6013621702157338
-0.26621543934955894
0.04547102035598374
0.47488406788213844
0.10829538931131093
-0.3721767217595587
-0.6794711450554675
-0.6020010956302014
-0.18690670966470405
-0.579131349259558
-1.1706603040827723
-1.2672621520683616
-0.9869391498783457
-0.528550517841631
-0.2417937300474863
0.14365355187245157
0.2753594840579939
0.08387056099054817
-0.006998737462176333
-0.09150718502321013
-0.10948017198358828
-0.15526684985673989
-0.3836207064596932
-0.7064626331004398
-0.838089184876334
-0.7460614438005309
-0.602332044600034
-0.12561646334357193
0.5751135744547865
1.73845618960726
2.3610303816990603
2.9069236038432025
4.496075260437254
7.555724897338643
12.075734739656934
17.558503093012945
23.801873824492183
