2.6399155227032733
2.6399155227032733
2.4639211545230553
2.4639211545230553
2.8159098908834914
2.8159098908834914
2.8159098908834914
2.8159098908834914
2.8159098908834914
2.8159098908834914
2.8159098908834914
2.6399155227032733
2.6399155227032733
2.4639211545230553
2.4639211545230553
2.4639211545230553
2.4639211545230553
2.1119324181626187
2.1119324181626187
2.1119324181626187
2.2879267863428367
2.2879267863428367
2.2879267863428367
2.1119324181626187
2.1119324181626187
2.1119324181626187
2.2879267863428367
2.2879267863428367
2.2879267863428367
2.2879267863428367
2.2879267863428367
2.1119324181626187
2.1119324181626187
2.1119324181626187
2.2879267863428367
2.2879267863428367
2.2879267863428367
2.4639211545230553
1.7599436818021823
1.7599436818021823
1.7599436818021823
2.1119324181626187
2.1119324181626187
2.1119324181626187
2.2879267863428367
2.2879267863428367
2.2879267863428367
2.2879267863428367
2.2879267863428367
2.2879267863428367
2.2879267863428367
2.2879267863428367
2.2879267863428367
1.583949313621964
1.583949313621964
1.9359380499824004
1.9359380499824004
1.9359380499824004
1.9359380499824004
1.9359380499824004
1.9359380499824004
2.2879267863428367
2.2879267863428367
2.2879267863428367
2.4639211545230553
2.4639211545230553
2.4639211545230553
1.7599436818021823
1.7599436818021823
1.7599436818021823
1.7599436818021823
1.7599436818021823
1.583949313621964
2.2879267863428367
2.2879267863428367
1.9359380499824004
1.9359380499824004
1.9359380499824004
2.2879267863428367
2.2879267863428367
2.2879267863428367
1.2319605772615276
1.2319605772615276
1.2319605772615276
1.583949313621964
1.583949313621964
2.1119324181626187
2.1119324181626187
2.1119324181626187
1.4079549454417457
1.4079549454417457
1.4079549454417457
1.2319605772615276
1.2319605772615276
1.0559662090813093
1.0559662090813093
1.0559662090813093
1.4079549454417457
1.4079549454417457
1.4079549454417457
2.4639211545230553
2.4639211545230553
1.7599436818021823
1.7599436818021823
1.7599436818021823
1.9359380499824004
1.9359380499824004
1.9359380499824004
1.583949313621964
1.583949313621964
3.343892995424146
3.343892995424146
3.343892995424146
2.99190425906371
2.99190425906371
1.2319605772615276
1.2319605772615276
1.2319605772615276
-7.215769095388947
-7.215769095388947
-3.8718760999648008
-3.8718760999648008
-5.279831045406547
-5.279831045406547
-5.279831045406547
1.4079549454417457
1.4079549454417457
1.4079549454417457
4.223864836325237
4.223864836325237
4.223864836325237
6.511791622668074
6.511791622668074
6.511791622668074
6.511791622668074
6.511791622668074
4.047870468145019
4.047870468145019
4.047870468145019
5.279831045406547
5.279831045406547
5.279831045406547
2.6399155227032733
2.6399155227032733
2.6399155227032733
3.6958817317845827
3.6958817317845827
3.6958817317845827
4.399859204505455
4.399859204505455
4.399859204505455
2.8159098908834914
2.8159098908834914
2.8159098908834914
2.2879267863428367
2.2879267863428367
2.2879267863428367
2.99190425906371
2.99190425906371
2.99190425906371
3.343892995424146
3.343892995424146
3.343892995424146
3.343892995424146
3.343892995424146
3.343892995424146
2.99190425906371
2.99190425906371
2.99190425906371
3.6958817317845827
3.6958817317845827
3.6958817317845827
2.99190425906371
2.99190425906371
2.99190425906371
2.8159098908834914
2.8159098908834914
2.8159098908834914
2.1119324181626187
2.1119324181626187
2.1119324181626187
2.99190425906371
2.99190425906371
2.99190425906371
2.2879267863428367
2.2879267863428367
2.1119324181626187
4.223864836325237
4.223864836325237
1.4079549454417457
1.4079549454417457
1.4079549454417457
3.167898627243928
3.167898627243928
3.167898627243928
1.0559662090813093
1.0559662090813093
2.6399155227032733
2.6399155227032733
2.6399155227032733
0.8799718409010912
0.8799718409010912
0.8799718409010912
4.223864836325237
4.223864836325237
3.167898627243928
3.167898627243928
3.167898627243928
5.103836677226329
5.103836677226329
5.103836677226329
3.8718760999648008
3.8718760999648008
3.343892995424146
3.343892995424146
3.343892995424146
3.167898627243928
3.167898627243928
6.159802886307638
6.159802886307638
6.159802886307638
23.055262231608587
23.055262231608587
21.82330165434706
21.82330165434706
21.82330165434706
12.143611404435058
12.143611404435058
12.495600140795494
11.087645195353748
11.087645195353748
9.679690249912003
9.679690249912003
5.279831045406547
5.279831045406547
5.279831045406547
1.9359380499824004
1.9359380499824004
1.9359380499824004
4.399859204505455
4.399859204505455
4.399859204505455
2.1119324181626187
2.1119324181626187
6.159802886307638
6.159802886307638
6.159802886307638
2.4639211545230553
2.4639211545230553
2.4639211545230553
8.447729672650475
8.447729672650475
8.447729672650475
-1.0559662090813093
-1.0559662090813093
-1.0559662090813093
-0.3519887363604364
1.4079549454417457
1.4079549454417457
1.4079549454417457
-0.3519887363604364
-0.3519887363604364
-0.3519887363604364
-1.0559662090813093
-1.0559662090813093
-1.0559662090813093
0.3519887363604364
0.3519887363604364
0.3519887363604364
0.5279831045406547
0.5279831045406547
0.5279831045406547
0.5279831045406547
0.5279831045406547
0.5279831045406547
1.4079549454417457
1.4079549454417457
1.4079549454417457
1.4079549454417457
1.4079549454417457
1.4079549454417457
1.583949313621964
1.583949313621964
1.583949313621964
1.9359380499824004
1.9359380499824004
1.583949313621964
1.583949313621964
1.583949313621964
1.0559662090813093
1.0559662090813093
1.0559662090813093
1.583949313621964
1.583949313621964
1.583949313621964
2.4639211545230553
2.4639211545230553
2.4639211545230553
3.8718760999648008
3.8718760999648008
3.8718760999648008
2.8159098908834914
2.8159098908834914
2.8159098908834914
2.1119324181626187
2.1119324181626187
1.0559662090813093
1.0559662090813093
1.0559662090813093
1.0559662090813093
1.0559662090813093
1.0559662090813093
1.2319605772615276
1.2319605772615276
1.2319605772615276
1.9359380499824004
1.9359380499824004
2.2879267863428367
2.2879267863428367
2.2879267863428367
3.5198873636043646
3.5198873636043646
0.8799718409010912
0.8799718409010912
0.8799718409010912
0.1759943681802182
0.1759943681802182
-2.1119324181626187
-2.1119324181626187
-2.1119324181626187
-2.99190425906371
-2.99190425906371
-2.99190425906371
-20.59134107708553
-20.59134107708553
-17.951425554382258
-17.951425554382258
-17.951425554382258
-9.327701513551565
-9.327701513551565
-9.327701513551565
-6.511791622668074
-6.511791622668074
-3.8718760999648008
-3.8718760999648008
-3.8718760999648008
-2.2879267863428367
-2.2879267863428367
-0.8799718409010912
-0.8799718409010912
-0.8799718409010912
1.7599436818021823
1.7599436818021823
1.7599436818021823
-2.1119324181626187
-2.1119324181626187
-2.1119324181626187
3.167898627243928
3.167898627243928
2.6399155227032733
2.6399155227032733
2.6399155227032733
2.1119324181626187
4.223864836325237
4.223864836325237
4.223864836325237
3.5198873636043646
3.5198873636043646
3.5198873636043646
3.5198873636043646
3.5198873636043646
3.5198873636043646
2.99190425906371
2.99190425906371
2.99190425906371
2.2879267863428367
2.2879267863428367
2.2879267863428367
2.4639211545230553
2.4639211545230553
2.4639211545230553
2.4639211545230553
2.4639211545230553
2.4639211545230553
1.583949313621964
1.583949313621964
1.583949313621964
2.1119324181626187
2.1119324181626187
2.1119324181626187
1.583949313621964
1.583949313621964
1.583949313621964
1.583949313621964
1.583949313621964
1.583949313621964
1.4079549454417457
1.4079549454417457
2.1119324181626187
2.1119324181626187
2.4639211545230553
2.4639211545230553
2.4639211545230553
2.99190425906371
2.99190425906371
2.99190425906371
1.2319605772615276
1.2319605772615276
1.2319605772615276
2.6399155227032733
2.6399155227032733
2.6399155227032733
3.167898627243928
3.167898627243928
3.343892995424146
3.343892995424146
3.343892995424146
2.8159098908834914
2.8159098908834914
2.8159098908834914
2.4639211545230553
2.4639211545230553
2.4639211545230553
2.8159098908834914
2.8159098908834914
2.8159098908834914
5.455825413586765
5.455825413586765
5.455825413586765
2.1119324181626187
2.1119324181626187
2.4639211545230553
2.4639211545230553
2.4639211545230553
2.4639211545230553
2.1119324181626187
2.1119324181626187
3.343892995424146
3.343892995424146
3.343892995424146
2.6399155227032733
2.6399155227032733
2.6399155227032733
1.9359380499824004
1.9359380499824004
1.9359380499824004
3.5198873636043646
3.5198873636043646
3.5198873636043646
2.6399155227032733
2.6399155227032733
2.4639211545230553
3.167898627243928
3.167898627243928
2.8159098908834914
3.5198873636043646
3.5198873636043646
4.047870468145019
2.6399155227032733
2.6399155227032733
1.583949313621964
1.583949313621964
1.583949313621964
1.583949313621964
1.583949313621964
1.583949313621964
2.2879267863428367
2.2879267863428367
2.2879267863428367
2.4639211545230553
1.7599436818021823
1.7599436818021823
1.7599436818021823
1.0559662090813093
1.7599436818021823
1.7599436818021823
1.9359380499824004
1.7599436818021823
1.7599436818021823
1.7599436818021823
1.7599436818021823
1.7599436818021823
1.7599436818021823
1.583949313621964
1.583949313621964
1.583949313621964
1.7599436818021823
1.7599436818021823
1.7599436818021823
1.9359380499824004
1.9359380499824004
1.9359380499824004
1.9359380499824004
1.9359380499824004
1.9359380499824004
1.583949313621964
1.583949313621964
1.583949313621964
1.583949313621964
1.583949313621964
1.583949313621964
1.9359380499824004
1.9359380499824004
1.9359380499824004
2.2879267863428367
2.2879267863428367
2.2879267863428367
2.4639211545230553
2.4639211545230553
2.4639211545230553
2.2879267863428367
2.2879267863428367
2.2879267863428367
2.4639211545230553
2.4639211545230553
2.4639211545230553
2.4639211545230553
2.4639211545230553
2.4639211545230553
1.7599436818021823
1.7599436818021823
1.7599436818021823
2.1119324181626187
2.1119324181626187
2.1119324181626187
2.2879267863428367
2.2879267863428367
2.2879267863428367
1.9359380499824004
1.9359380499824004
1.9359380499824004
2.4639211545230553
2.4639211545230553
2.4639211545230553
2.6399155227032733
2.6399155227032733
2.6399155227032733
2.6399155227032733
2.6399155227032733
2.6399155227032733
2.8159098908834914
2.8159098908834914
2.8159098908834914
2.6399155227032733
2.6399155227032733
2.6399155227032733
2.6399155227032733
2.6399155227032733
2.6399155227032733
2.6399155227032733
2.6399155227032733
2.6399155227032733
2.6399155227032733
2.6399155227032733
2.6399155227032733
2.6399155227032733
2.6399155227032733
2.6399155227032733
2.6399155227032733
2.6399155227032733
2.6399155227032733
2.6399155227032733
2.6399155227032733
2.6399155227032733
2.6399155227032733
2.6399155227032733
2.6399155227032733
2.6399155227032733
2.2879267863428367
2.2879267863428367
2.6399155227032733
2.6399155227032733
2.6399155227032733
2.6399155227032733
2.4639211545230553
2.4639211545230553
2.4639211545230553
3.167898627243928
3.167898627243928
3.343892995424146
2.6399155227032733
2.6399155227032733
2.6399155227032733
2.99190425906371
2.99190425906371
3.343892995424146
3.343892995424146
3.343892995424146
3.167898627243928
3.167898627243928
3.167898627243928
2.99190425906371
3.6958817317845827
3.6958817317845827
3.6958817317845827
2.6399155227032733
2.6399155227032733
2.6399155227032733
3.8718760999648008
3.8718760999648008
3.6958817317845827
1.583949313621964
1.583949313621964
1.583949313621964
2.99190425906371
2.99190425906371
2.99190425906371
2.2879267863428367
2.2879267863428367
2.2879267863428367
3.5198873636043646
3.5198873636043646
3.5198873636043646
3.343892995424146
3.343892995424146
3.343892995424146
2.4639211545230553
2.4639211545230553
2.4639211545230553
1.9359380499824004
1.9359380499824004
1.9359380499824004
-1.4079549454417457
-1.4079549454417457
-1.4079549454417457
0.1759943681802182
0.1759943681802182
0.3519887363604364
2.4639211545230553
2.4639211545230553
4.751847940865892
4.751847940865892
4.751847940865892
-0.8799718409010912
-0.8799718409010912
-0.8799718409010912
1.2319605772615276
1.2319605772615276
1.2319605772615276
1.7599436818021823
1.7599436818021823
1.7599436818021823
0.7039774727208729
0.7039774727208729
0.7039774727208729
2.6399155227032733
2.6399155227032733
2.6399155227032733
2.8159098908834914
2.8159098908834914
2.8159098908834914
2.99190425906371
2.99190425906371
2.99190425906371
2.8159098908834914
2.8159098908834914
2.8159098908834914
2.4639211545230553
2.4639211545230553
2.4639211545230553
2.4639211545230553
2.4639211545230553
2.6399155227032733
2.6399155227032733
2.6399155227032733
2.99190425906371
2.99190425906371
2.99190425906371
2.99190425906371
2.99190425906371
2.99190425906371
3.167898627243928
3.167898627243928
3.167898627243928
2.6399155227032733
2.6399155227032733
2.6399155227032733
1.7599436818021823
1.7599436818021823
3.5198873636043646
3.5198873636043646
3.5198873636043646
2.99190425906371
2.99190425906371
2.99190425906371
3.6958817317845827
3.6958817317845827
4.5758535726856735
4.5758535726856735
8.271735304470257
8.271735304470257
8.271735304470257
0.3519887363604364
0.3519887363604364
0.3519887363604364
2.2879267863428367
2.2879267863428367
-7.567757831749383
-7.567757831749383
-7.567757831749383
4.223864836325237
4.223864836325237
4.223864836325237
5.807814149947201
5.807814149947201
5.807814149947201
7.039774727208729
7.039774727208729
7.039774727208729
4.223864836325237
4.223864836325237
2.99190425906371
2.99190425906371
3.343892995424146
4.047870468145019
4.047870468145019
3.6958817317845827
3.6958817317845827
3.6958817317845827
4.047870468145019
4.047870468145019
20.239352340725095
20.239352340725095
20.239352340725095
15.311510031678985
15.311510031678985
15.311510031678985
5.455825413586765
5.455825413586765
0.3519887363604364
0.3519887363604364
0.0
0.0
0.0
4.047870468145019
4.047870468145019
4.047870468145019
0.0
0.0
0.0
6.335797254487856
6.335797254487856
6.335797254487856
1.583949313621964
1.583949313621964
8.271735304470257
8.271735304470257
8.271735304470257
-1.2319605772615276
-1.2319605772615276
-1.2319605772615276
-0.8799718409010912
-0.8799718409010912
-0.8799718409010912
0.8799718409010912
0.8799718409010912
0.8799718409010912
-0.7039774727208729
-0.7039774727208729
-0.7039774727208729
-1.4079549454417457
-1.4079549454417457
-1.4079549454417457
1.4079549454417457
1.4079549454417457
1.583949313621964
1.583949313621964
1.583949313621964
1.9359380499824004
1.9359380499824004
1.9359380499824004
1.9359380499824004
1.9359380499824004
1.9359380499824004
1.9359380499824004
1.0559662090813093
1.0559662090813093
1.0559662090813093
1.0559662090813093
1.0559662090813093
0.8799718409010912
0.8799718409010912
0.8799718409010912
-0.1759943681802182
-0.1759943681802182
-0.1759943681802182
2.1119324181626187
2.1119324181626187
2.1119324181626187
2.1119324181626187
2.1119324181626187
2.1119324181626187
0.0
0.0
0.0
3.8718760999648008
3.8718760999648008
3.8718760999648008
3.343892995424146
3.343892995424146
3.343892995424146
-0.7039774727208729
-0.7039774727208729
-0.7039774727208729
2.99190425906371
2.99190425906371
2.99190425906371
5.455825413586765
5.455825413586765
5.455825413586765
1.4079549454417457
1.4079549454417457
1.4079549454417457
2.1119324181626187
2.1119324181626187
-2.1119324181626187
-2.1119324181626187
-2.1119324181626187
0.3519887363604364
0.3519887363604364
0.3519887363604364
2.4639211545230553
2.4639211545230553
2.4639211545230553
2.4639211545230553
2.4639211545230553
4.5758535726856735
4.5758535726856735
3.167898627243928
3.167898627243928
3.167898627243928
2.99190425906371
2.99190425906371
2.99190425906371
-1.0559662090813093
-1.0559662090813093
-1.0559662090813093
0.8799718409010912
0.8799718409010912
6.86378035902851
6.86378035902851
6.86378035902851
15.487504399859203
